# Generated at Wed Nov 23 18:42:05 BRST 2016
# Conditional compliant
# 1 - Problem # 			 2 - Norm # 			 3 - NaiveGraphplan time 			 4 - NaiveGraphplan memory 			 5 - Graphplan time 			 6 - Graphplan memory 			 7 - Forward time 			 8 - Forward memory 			 9 - ForwardNK time 			 10 - ForwardNK memory
1			1			30.0			2.0			10.0			1.0			2.0			0.0			1.0			0.0
1			2			6.0			1.0			5.0			1.0			1.0			0.0			0.0			0.0
1			3			4.0			1.0			4.0			1.0			1.0			0.0			0.0			0.0
1			4			4.0			0.0			3.0			1.0			0.0			0.0			0.0			0.0
1			5			3.0			1.0			3.0			1.0			1.0			0.0			0.0			0.0
1			6			3.0			1.0			3.0			1.0			1.0			0.0			0.0			0.0
1			7			3.0			1.0			3.0			1.0			0.0			0.0			0.0			0.0
1			8			7.0			0.0			3.0			1.0			4.0			0.0			0.0			0.0
1			9			3.0			1.0			2.0			0.0			0.0			0.0			1.0			0.0
1			10			3.0			1.0			24.0			-59.0			1.0			0.0			0.0			0.0
2			1			9.0			2.0			6.0			3.0			1.0			0.0			0.0			0.0
2			2			9.0			2.0			14.0			2.0			0.0			0.0			1.0			0.0
2			3			6.0			3.0			7.0			2.0			1.0			0.0			1.0			0.0
2			4			9.0			3.0			8.0			2.0			1.0			0.0			1.0			0.0
2			5			8.0			3.0			7.0			2.0			1.0			0.0			1.0			1.0
2			6			11.0			3.0			5.0			2.0			0.0			0.0			1.0			1.0
2			7			8.0			3.0			7.0			2.0			1.0			1.0			0.0			0.0
2			8			8.0			3.0			7.0			2.0			0.0			1.0			1.0			0.0
2			9			17.0			-66.0			5.0			2.0			0.0			2.0			0.0			0.0
2			10			8.0			2.0			6.0			2.0			1.0			2.0			1.0			0.0
3			1			8.0			2.0			7.0			2.0			2.0			0.0			1.0			2.0
3			2			8.0			2.0			7.0			2.0			1.0			0.0			2.0			2.0
3			3			4.0			2.0			4.0			2.0			1.0			0.0			0.0			0.0
3			4			5.0			2.0			4.0			2.0			1.0			0.0			0.0			0.0
3			5			8.0			2.0			8.0			2.0			1.0			0.0			1.0			0.0
3			6			7.0			2.0			7.0			2.0			1.0			0.0			1.0			0.0
3			7			7.0			2.0			5.0			2.0			1.0			0.0			0.0			0.0
3			8			9.0			2.0			7.0			2.0			1.0			0.0			1.0			0.0
3			9			8.0			2.0			7.0			2.0			1.0			0.0			0.0			0.0
3			10			7.0			2.0			6.0			2.0			1.0			0.0			0.0			0.0
4			1			15.0			5.0			13.0			5.0			2.0			0.0			2.0			2.0
4			2			11.0			5.0			10.0			5.0			1.0			0.0			1.0			0.0
4			3			9.0			7.0			7.0			4.0			0.0			0.0			1.0			0.0
4			4			6.0			5.0			9.0			5.0			1.0			0.0			1.0			0.0
4			5			9.0			7.0			10.0			5.0			2.0			0.0			1.0			0.0
4			6			11.0			5.0			7.0			5.0			1.0			2.0			1.0			0.0
4			7			5.0			5.0			6.0			5.0			1.0			2.0			1.0			0.0
4			8			10.0			5.0			9.0			5.0			0.0			0.0			1.0			2.0
4			9			7.0			5.0			6.0			5.0			0.0			0.0			1.0			0.0
4			10			7.0			5.0			7.0			5.0			1.0			0.0			1.0			0.0
5			1			8.0			5.0			8.0			7.0			1.0			0.0			0.0			0.0
5			2			8.0			5.0			8.0			7.0			1.0			0.0			0.0			0.0
5			3			8.0			5.0			17.0			-122.0			1.0			0.0			1.0			0.0
5			4			8.0			5.0			8.0			10.0			1.0			0.0			0.0			0.0
5			5			8.0			5.0			8.0			5.0			0.0			5.0			1.0			0.0
5			6			8.0			5.0			7.0			5.0			1.0			0.0			1.0			5.0
5			7			7.0			5.0			7.0			5.0			1.0			0.0			0.0			0.0
5			8			7.0			5.0			7.0			5.0			0.0			0.0			0.0			0.0
5			9			6.0			5.0			6.0			5.0			1.0			0.0			0.0			0.0
5			10			7.0			10.0			6.0			5.0			1.0			0.0			0.0			0.0
6			1			8.0			10.0			8.0			10.0			1.0			0.0			0.0			0.0
6			2			8.0			10.0			8.0			10.0			0.0			0.0			0.0			0.0
6			3			9.0			10.0			12.0			10.0			0.0			0.0			0.0			0.0
6			4			10.0			10.0			10.0			10.0			0.0			0.0			0.0			0.0
6			5			10.0			10.0			9.0			5.0			1.0			0.0			0.0			5.0
6			6			9.0			10.0			10.0			5.0			0.0			0.0			0.0			0.0
6			7			9.0			5.0			10.0			10.0			0.0			0.0			0.0			0.0
6			8			9.0			5.0			14.0			-245.0			0.0			0.0			0.0			0.0
6			9			8.0			10.0			8.0			5.0			1.0			0.0			0.0			0.0
6			10			8.0			5.0			8.0			10.0			0.0			0.0			0.0			0.0
7			1			8.0			5.0			8.0			10.0			0.0			0.0			1.0			0.0
7			2			9.0			10.0			8.0			10.0			0.0			0.0			0.0			0.0
7			3			8.0			10.0			7.0			10.0			1.0			0.0			0.0			0.0
7			4			8.0			10.0			8.0			5.0			0.0			0.0			0.0			0.0
7			5			9.0			5.0			8.0			10.0			1.0			0.0			0.0			0.0
7			6			8.0			10.0			7.0			10.0			1.0			0.0			0.0			0.0
7			7			8.0			10.0			8.0			10.0			0.0			0.0			0.0			0.0
7			8			8.0			10.0			8.0			5.0			0.0			0.0			0.0			0.0
7			9			8.0			5.0			8.0			10.0			0.0			0.0			0.0			0.0
7			10			8.0			10.0			8.0			10.0			0.0			0.0			0.0			0.0
8			1			18.0			-235.0			20.0			10.0			2.0			0.0			1.0			0.0
8			2			16.0			20.0			12.0			10.0			1.0			0.0			1.0			0.0
8			3			12.0			10.0			12.0			10.0			0.0			0.0			1.0			0.0
8			4			20.0			10.0			15.0			10.0			1.0			0.0			0.0			0.0
8			5			11.0			10.0			12.0			20.0			1.0			0.0			0.0			0.0
8			6			12.0			10.0			12.0			20.0			1.0			0.0			1.0			0.0
8			7			12.0			10.0			11.0			20.0			1.0			0.0			0.0			0.0
8			8			12.0			10.0			21.0			20.0			1.0			0.0			1.0			0.0
8			9			21.0			10.0			21.0			20.0			1.0			0.0			1.0			0.0
8			10			21.0			10.0			21.0			20.0			1.0			0.0			1.0			0.0
9			1			22.0			10.0			21.0			20.0			2.0			0.0			2.0			0.0
9			2			22.0			20.0			23.0			10.0			2.0			0.0			2.0			0.0
9			3			20.0			20.0			14.0			10.0			1.0			0.0			1.0			0.0
9			4			14.0			20.0			13.0			10.0			1.0			0.0			2.0			0.0
9			5			20.0			20.0			13.0			10.0			1.0			0.0			1.0			0.0
9			6			14.0			10.0			14.0			10.0			1.0			0.0			1.0			0.0
9			7			22.0			10.0			22.0			10.0			2.0			0.0			2.0			1.0
9			8			21.0			10.0			21.0			10.0			2.0			0.0			1.0			0.0
9			9			22.0			10.0			17.0			10.0			1.0			0.0			1.0			10.0
9			10			21.0			10.0			21.0			10.0			2.0			10.0			1.0			0.0
10			1			25.0			10.0			24.0			20.0			1.0			0.0			0.0			0.0
10			2			25.0			20.0			19.0			10.0			1.0			0.0			0.0			0.0
10			3			15.0			10.0			14.0			20.0			1.0			0.0			0.0			0.0
10			4			15.0			10.0			14.0			20.0			1.0			0.0			0.0			0.0
10			5			15.0			20.0			14.0			10.0			1.0			0.0			0.0			0.0
10			6			14.0			10.0			15.0			20.0			0.0			0.0			0.0			0.0
10			7			25.0			20.0			15.0			10.0			1.0			0.0			0.0			0.0
10			8			15.0			20.0			15.0			10.0			0.0			0.0			1.0			0.0
10			9			25.0			10.0			17.0			20.0			0.0			0.0			1.0			0.0
10			10			14.0			20.0			14.0			10.0			1.0			0.0			0.0			0.0
11			1			32.0			31.0			32.0			31.0			2.0			0.0			2.0			10.0
11			2			39.0			-480.0			30.0			20.0			2.0			0.0			2.0			0.0
11			3			37.0			41.0			31.0			20.0			2.0			0.0			2.0			0.0
11			4			33.0			20.0			32.0			20.0			2.0			20.0			2.0			0.0
11			5			33.0			20.0			31.0			41.0			2.0			0.0			2.0			0.0
11			6			32.0			20.0			31.0			41.0			2.0			0.0			2.0			0.0
11			7			33.0			41.0			33.0			20.0			2.0			0.0			2.0			0.0
11			8			34.0			41.0			36.0			20.0			2.0			0.0			2.0			0.0
11			9			33.0			20.0			37.0			20.0			4.0			20.0			4.0			0.0
11			10			50.0			20.0			34.0			41.0			2.0			0.0			2.0			0.0
12			1			30.0			20.0			29.0			41.0			4.0			0.0			3.0			0.0
12			2			31.0			41.0			30.0			20.0			3.0			0.0			3.0			0.0
12			3			30.0			41.0			30.0			20.0			3.0			0.0			3.0			20.0
12			4			29.0			20.0			29.0			41.0			3.0			0.0			3.0			0.0
12			5			32.0			20.0			31.0			41.0			3.0			0.0			3.0			0.0
12			6			33.0			41.0			31.0			20.0			5.0			0.0			3.0			0.0
12			7			30.0			41.0			34.0			-1028.0			3.0			0.0			2.0			0.0
12			8			38.0			20.0			32.0			20.0			4.0			20.0			3.0			0.0
12			9			30.0			20.0			28.0			41.0			3.0			0.0			3.0			0.0
12			10			28.0			20.0			28.0			41.0			3.0			0.0			2.0			0.0
13			1			25.0			20.0			28.0			41.0			1.0			0.0			1.0			0.0
13			2			25.0			20.0			27.0			20.0			1.0			0.0			1.0			0.0
13			3			23.0			41.0			23.0			20.0			1.0			0.0			1.0			0.0
13			4			23.0			20.0			23.0			20.0			1.0			0.0			1.0			0.0
13			5			32.0			41.0			25.0			20.0			1.0			0.0			1.0			0.0
13			6			26.0			20.0			24.0			20.0			1.0			0.0			1.0			0.0
13			7			22.0			20.0			22.0			20.0			1.0			0.0			2.0			0.0
13			8			24.0			20.0			28.0			42.0			2.0			0.0			2.0			0.0
13			9			28.0			20.0			25.0			20.0			1.0			0.0			1.0			0.0
13			10			25.0			20.0			23.0			41.0			1.0			0.0			1.0			0.0
14			1			41.0			41.0			43.0			41.0			4.0			0.0			3.0			0.0
14			2			44.0			41.0			44.0			41.0			2.0			0.0			2.0			0.0
14			3			41.0			41.0			40.0			41.0			3.0			20.0			2.0			0.0
14			4			56.0			-1022.0			44.0			55.0			2.0			0.0			3.0			0.0
14			5			59.0			55.0			71.0			27.0			4.0			0.0			3.0			0.0
14			6			71.0			55.0			68.0			27.0			4.0			0.0			4.0			27.0
14			7			70.0			27.0			71.0			55.0			4.0			0.0			3.0			0.0
14			8			70.0			27.0			70.0			55.0			4.0			0.0			3.0			0.0
14			9			72.0			55.0			68.0			27.0			4.0			0.0			4.0			0.0
14			10			71.0			55.0			71.0			55.0			4.0			0.0			3.0			0.0
15			1			50.0			27.0			49.0			27.0			1.0			0.0			2.0			0.0
15			2			51.0			27.0			49.0			55.0			2.0			0.0			1.0			0.0
15			3			51.0			27.0			50.0			27.0			2.0			0.0			1.0			0.0
15			4			54.0			27.0			51.0			55.0			2.0			0.0			1.0			0.0
15			5			52.0			27.0			48.0			27.0			2.0			0.0			1.0			0.0
15			6			50.0			27.0			47.0			27.0			2.0			0.0			1.0			0.0
15			7			51.0			27.0			52.0			27.0			1.0			0.0			3.0			0.0
15			8			88.0			55.0			83.0			27.0			2.0			0.0			3.0			0.0
15			9			88.0			27.0			77.0			27.0			1.0			0.0			2.0			0.0
15			10			93.0			55.0			85.0			27.0			1.0			0.0			3.0			0.0
16			1			80.0			27.0			70.0			-1322.0			0.0			0.0			1.0			0.0
16			2			35.0			26.0			33.0			52.0			1.0			0.0			1.0			0.0
16			3			34.0			26.0			32.0			52.0			2.0			0.0			1.0			0.0
16			4			33.0			52.0			33.0			26.0			0.0			0.0			1.0			0.0
16			5			34.0			52.0			33.0			26.0			1.0			0.0			1.0			0.0
16			6			35.0			26.0			34.0			52.0			1.0			0.0			1.0			0.0
16			7			35.0			26.0			35.0			52.0			0.0			0.0			1.0			0.0
16			8			35.0			26.0			36.0			52.0			0.0			0.0			1.0			0.0
16			9			37.0			52.0			37.0			26.0			0.0			0.0			1.0			0.0
16			10			37.0			52.0			34.0			26.0			1.0			0.0			0.0			0.0
17			1			50.0			26.0			58.0			52.0			2.0			0.0			2.0			0.0
17			2			56.0			26.0			59.0			52.0			2.0			0.0			2.0			0.0
17			3			58.0			26.0			56.0			52.0			3.0			0.0			2.0			0.0
17			4			59.0			26.0			60.0			52.0			2.0			0.0			2.0			0.0
17			5			69.0			52.0			66.0			26.0			3.0			0.0			2.0			0.0
17			6			61.0			52.0			59.0			26.0			2.0			0.0			1.0			0.0
17			7			53.0			52.0			37.0			-1287.0			2.0			0.0			1.0			0.0
17			8			35.0			25.0			35.0			50.0			1.0			0.0			1.0			0.0
17			9			34.0			25.0			33.0			50.0			2.0			0.0			1.0			0.0
17			10			33.0			50.0			34.0			25.0			1.0			0.0			2.0			0.0
18			1			51.0			75.0			48.0			50.0			2.0			0.0			2.0			0.0
18			2			48.0			50.0			47.0			50.0			2.0			0.0			2.0			0.0
18			3			47.0			75.0			48.0			50.0			2.0			0.0			2.0			0.0
18			4			47.0			50.0			46.0			50.0			2.0			0.0			2.0			0.0
18			5			46.0			75.0			47.0			50.0			2.0			0.0			1.0			0.0
18			6			46.0			50.0			45.0			50.0			2.0			0.0			2.0			0.0
18			7			48.0			50.0			46.0			50.0			2.0			0.0			2.0			0.0
18			8			47.0			50.0			48.0			50.0			2.0			0.0			2.0			0.0
18			9			50.0			50.0			49.0			-1178.0			2.0			0.0			1.0			0.0
18			10			46.0			47.0			46.0			47.0			2.0			0.0			2.0			0.0
19			1			72.0			95.0			70.0			71.0			4.0			0.0			5.0			0.0
19			2			77.0			95.0			71.0			71.0			4.0			0.0			4.0			0.0
19			3			69.0			95.0			71.0			71.0			4.0			0.0			4.0			0.0
19			4			69.0			95.0			66.0			71.0			3.0			0.0			4.0			0.0
19			5			72.0			95.0			72.0			71.0			4.0			0.0			3.0			0.0
19			6			69.0			71.0			70.0			71.0			4.0			0.0			4.0			0.0
19			7			72.0			-1124.0			63.0			68.0			4.0			0.0			3.0			22.0
19			8			70.0			68.0			70.0			91.0			4.0			0.0			4.0			0.0
19			9			66.0			91.0			68.0			68.0			4.0			0.0			4.0			0.0
19			10			88.0			91.0			67.0			68.0			4.0			22.0			3.0			0.0
20			1			48.0			45.0			48.0			68.0			5.0			0.0			5.0			0.0
20			2			48.0			45.0			47.0			68.0			6.0			0.0			5.0			0.0
20			3			50.0			68.0			50.0			45.0			6.0			0.0			5.0			0.0
20			4			49.0			45.0			49.0			45.0			5.0			22.0			5.0			0.0
20			5			54.0			-1093.0			51.0			65.0			4.0			0.0			5.0			0.0
20			6			50.0			65.0			49.0			43.0			5.0			21.0			4.0			0.0
20			7			48.0			43.0			53.0			65.0			5.0			0.0			5.0			0.0
20			8			51.0			65.0			49.0			43.0			5.0			21.0			5.0			0.0
20			9			59.0			43.0			52.0			65.0			5.0			0.0			5.0			0.0
20			10			49.0			65.0			49.0			65.0			5.0			0.0			6.0			0.0
21			1			62.0			65.0			63.0			65.0			4.0			21.0			4.0			0.0
21			2			64.0			65.0			61.0			65.0			5.0			0.0			4.0			21.0
21			3			66.0			65.0			65.0			-1021.0			4.0			0.0			4.0			0.0
21			4			62.0			62.0			63.0			62.0			4.0			20.0			4.0			0.0
21			5			68.0			62.0			77.0			82.0			4.0			0.0			4.0			0.0
21			6			65.0			62.0			67.0			82.0			4.0			0.0			4.0			0.0
21			7			66.0			82.0			67.0			62.0			4.0			0.0			4.0			0.0
21			8			63.0			82.0			62.0			62.0			4.0			0.0			3.0			0.0
21			9			65.0			62.0			61.0			62.0			4.0			0.0			4.0			20.0
21			10			66.0			62.0			64.0			-954.0			4.0			0.0			3.0			0.0
22			1			109.0			118.0			108.0			118.0			3.0			0.0			4.0			0.0
22			2			100.0			118.0			101.0			118.0			4.0			0.0			4.0			0.0
22			3			105.0			118.0			100.0			98.0			4.0			19.0			4.0			0.0
22			4			110.0			118.0			105.0			98.0			3.0			0.0			9.0			-965.0
22			5			97.0			112.0			97.0			112.0			4.0			0.0			4.0			0.0
22			6			108.0			112.0			111.0			112.0			4.0			0.0			4.0			18.0
22			7			100.0			112.0			97.0			112.0			4.0			0.0			4.0			0.0
22			8			100.0			112.0			100.0			112.0			4.0			0.0			7.0			-922.0
22			9			100.0			107.0			100.0			107.0			4.0			17.0			4.0			0.0
22			10			102.0			107.0			105.0			125.0			5.0			0.0			4.0			0.0
23			1			102.0			107.0			91.0			125.0			1.0			0.0			1.0			0.0
23			2			93.0			107.0			89.0			-776.0			1.0			0.0			1.0			0.0
23			3			93.0			119.0			93.0			102.0			1.0			0.0			0.0			0.0
23			4			90.0			119.0			90.0			119.0			1.0			0.0			1.0			0.0
23			5			89.0			119.0			88.0			102.0			1.0			0.0			1.0			0.0
23			6			98.0			102.0			87.0			-741.0			1.0			0.0			1.0			0.0
23			7			90.0			114.0			90.0			114.0			2.0			0.0			1.0			0.0
23			8			90.0			98.0			89.0			98.0			1.0			0.0			1.0			0.0
23			9			92.0			114.0			89.0			114.0			1.0			0.0			1.0			0.0
23			10			87.0			-707.0			85.0			109.0			1.0			15.0			1.0			0.0
24			1			166.0			140.0			171.0			155.0			50.0			31.0			50.0			31.0
24			2			172.0			155.0			172.0			-623.0			51.0			29.0			49.0			29.0
24			3			171.0			148.0			167.0			148.0			52.0			29.0			52.0			44.0
24			4			171.0			148.0			170.0			-597.0			50.0			28.0			49.0			42.0
24			5			168.0			141.0			179.0			156.0			54.0			28.0			55.0			28.0
24			6			176.0			141.0			178.0			-556.0			54.0			27.0			52.0			40.0
24			7			175.0			149.0			177.0			149.0			59.0			27.0			52.0			40.0
24			8			172.0			-532.0			163.0			155.0			50.0			25.0			51.0			25.0
24			9			177.0			142.0			177.0			155.0			53.0			25.0			50.0			38.0
24			10			169.0			-499.0			162.0			148.0			52.0			24.0			50.0			37.0
25			1			118.0			135.0			114.0			135.0			5.0			0.0			5.0			0.0
25			2			113.0			-475.0			109.0			129.0			5.0			0.0			5.0			0.0
25			3			115.0			129.0			113.0			129.0			6.0			0.0			5.0			11.0
25			4			117.0			-463.0			114.0			135.0			5.0			0.0			5.0			11.0
25			5			123.0			135.0			127.0			135.0			5.0			0.0			5.0			0.0
25			6			116.0			-442.0			110.0			129.0			5.0			0.0			5.0			0.0
25			7			116.0			129.0			119.0			129.0			5.0			10.0			5.0			0.0
25			8			121.0			-402.0			114.0			133.0			6.0			0.0			5.0			0.0
25			9			120.0			123.0			127.0			123.0			6.0			10.0			5.0			0.0
25			10			120.0			-376.0			130.0			128.0			6.0			0.0			6.0			9.0
26			1			126.0			137.0			121.0			-364.0			3.0			0.0			2.0			0.0
26			2			111.0			122.0			110.0			131.0			3.0			0.0			2.0			9.0
26			3			112.0			131.0			114.0			-343.0			2.0			0.0			3.0			0.0
26			4			113.0			126.0			113.0			126.0			3.0			0.0			2.0			0.0
26			5			118.0			-327.0			108.0			138.0			3.0			0.0			3.0			0.0
26			6			116.0			138.0			117.0			-300.0			3.0			0.0			2.0			0.0
26			7			124.0			132.0			120.0			123.0			3.0			0.0			2.0			8.0
26			8			114.0			132.0			112.0			-279.0			2.0			0.0			2.0			0.0
26			9			112.0			126.0			118.0			-260.0			2.0			0.0			3.0			0.0
26			10			112.0			128.0			115.0			128.0			3.0			0.0			2.0			0.0
27			1			143.0			-216.0			129.0			161.0			3.0			0.0			2.0			0.0
27			2			141.0			161.0			138.0			-314.0			3.0			11.0			3.0			0.0
27			3			140.0			165.0			134.0			165.0			3.0			0.0			3.0			0.0
27			4			139.0			165.0			133.0			-434.0			3.0			0.0			3.0			11.0
27			5			139.0			158.0			136.0			169.0			2.0			0.0			3.0			0.0
27			6			139.0			-412.0			130.0			162.0			3.0			0.0			3.0			10.0
27			7			136.0			162.0			136.0			-379.0			3.0			0.0			3.0			0.0
27			8			138.0			165.0			135.0			155.0			3.0			10.0			3.0			0.0
27			9			144.0			-354.0			132.0			158.0			3.0			9.0			2.0			0.0
27			10			141.0			168.0			138.0			-337.0			3.0			9.0			2.0			0.0
28			1			174.0			198.0			174.0			198.0			5.0			0.0			4.0			0.0
28			2			170.0			-283.0			165.0			199.0			5.0			0.0			4.0			9.0
28			3			161.0			-250.0			165.0			190.0			4.0			8.0			5.0			0.0
28			4			205.0			-238.0			167.0			191.0			5.0			8.0			5.0			0.0
28			5			177.0			-219.0			157.0			190.0			4.0			7.0			5.0			0.0
28			6			162.0			-202.0			161.0			197.0			4.0			0.0			5.0			0.0
28			7			165.0			-180.0			162.0			189.0			5.0			7.0			4.0			0.0
28			8			161.0			-167.0			162.0			195.0			4.0			0.0			9.0			-339.0
28			9			166.0			201.0			169.0			-142.0			4.0			8.0			4.0			0.0
28			10			168.0			194.0			169.0			-206.0			4.0			0.0			4.0			0.0
29			1			184.0			216.0			189.0			-282.0			4.0			0.0			4.0			0.0
29			2			185.0			214.0			187.0			214.0			4.0			0.0			5.0			0.0
29			3			184.0			-379.0			175.0			214.0			5.0			0.0			4.0			0.0
29			4			199.0			214.0			204.0			-498.0			5.0			13.0			4.0			0.0
29			5			205.0			217.0			180.0			217.0			5.0			0.0			4.0			0.0
29			6			196.0			217.0			194.0			-469.0			5.0			0.0			4.0			0.0
29			7			190.0			212.0			191.0			212.0			5.0			0.0			4.0			0.0
29			8			188.0			-608.0			180.0			218.0			5.0			0.0			4.0			0.0
29			9			201.0			218.0			192.0			218.0			5.0			0.0			5.0			0.0
29			10			203.0			-568.0			180.0			223.0			5.0			0.0			5.0			0.0
30			1			209.0			223.0			203.0			-510.0			3.0			0.0			4.0			0.0
30			2			185.0			227.0			200.0			227.0			3.0			14.0			4.0			0.0
30			3			200.0			-473.0			182.0			230.0			3.0			0.0			3.0			0.0
30			4			212.0			230.0			209.0			-453.0			3.0			12.0			3.0			0.0
30			5			210.0			233.0			202.0			233.0			4.0			0.0			3.0			0.0
30			6			186.0			-424.0			180.0			234.0			3.0			0.0			4.0			0.0
30			7			191.0			-385.0			181.0			236.0			3.0			0.0			3.0			0.0
30			8			190.0			236.0			183.0			-362.0			3.0			11.0			4.0			0.0
30			9			194.0			236.0			187.0			-330.0			4.0			0.0			3.0			0.0
30			10			186.0			226.0			188.0			-302.0			3.0			0.0			4.0			0.0
31			1			189.0			206.0			191.0			216.0			18.0			10.0			17.0			10.0
31			2			193.0			-297.0			184.0			206.0			18.0			9.0			15.0			9.0
31			3			180.0			-281.0			187.0			216.0			17.0			9.0			17.0			9.0
31			4			177.0			-259.0			172.0			216.0			18.0			9.0			19.0			9.0
31			5			200.0			-239.0			193.0			215.0			18.0			8.0			16.0			8.0
31			6			189.0			-213.0			179.0			214.0			16.0			8.0			15.0			8.0
31			7			180.0			-205.0			176.0			213.0			16.0			7.0			25.0			-371.0
31			8			184.0			218.0			183.0			209.0			16.0			9.0			16.0			9.0
31			9			178.0			-266.0			173.0			209.0			16.0			18.0			17.0			9.0
31			10			177.0			-239.0			175.0			218.0			17.0			0.0			16.0			10.0
32			1			193.0			-310.0			182.0			229.0			3.0			10.0			3.0			0.0
32			2			198.0			-285.0			187.0			239.0			3.0			0.0			2.0			0.0
32			3			194.0			-271.0			186.0			238.0			3.0			0.0			3.0			0.0
32			4			196.0			-241.0			184.0			228.0			3.0			9.0			3.0			0.0
32			5			195.0			-222.0			179.0			227.0			3.0			0.0			3.0			8.0
32			6			196.0			-197.0			186.0			233.0			3.0			0.0			3.0			0.0
32			7			197.0			-177.0			186.0			230.0			3.0			0.0			3.0			0.0
32			8			198.0			-262.0			201.0			228.0			3.0			0.0			3.0			0.0
32			9			234.0			-365.0			184.0			231.0			3.0			0.0			3.0			0.0
32			10			205.0			231.0			216.0			-492.0			3.0			0.0			3.0			13.0
33			1			208.0			234.0			196.0			220.0			1.0			0.0			0.0			0.0
33			2			208.0			-458.0			177.0			223.0			1.0			0.0			0.0			0.0
33			3			195.0			223.0			186.0			-425.0			1.0			0.0			1.0			0.0
33			4			193.0			238.0			188.0			226.0			1.0			0.0			1.0			0.0
33			5			182.0			-397.0			189.0			228.0			1.0			0.0			0.0			0.0
33			6			197.0			-372.0			185.0			229.0			1.0			0.0			1.0			0.0
33			7			200.0			229.0			186.0			-350.0			1.0			0.0			1.0			0.0
33			8			190.0			230.0			188.0			-320.0			0.0			0.0			1.0			0.0
33			9			186.0			230.0			184.0			-293.0			0.0			0.0			1.0			0.0
33			10			187.0			230.0			182.0			230.0			0.0			0.0			1.0			0.0
34			1			234.0			-213.0			235.0			-183.0			5.0			0.0			5.0			0.0
34			2			248.0			292.0			237.0			-171.0			6.0			0.0			5.0			8.0
34			3			251.0			-152.0			236.0			293.0			5.0			0.0			5.0			0.0
34			4			239.0			-129.0			240.0			-108.0			5.0			0.0			6.0			0.0
34			5			254.0			-88.0			237.0			286.0			6.0			9.0			5.0			0.0
34			6			248.0			-172.0			233.0			287.0			5.0			0.0			5.0			0.0
34			7			238.0			-265.0			228.0			285.0			6.0			10.0			5.0			0.0
34			8			243.0			-249.0			233.0			279.0			5.0			12.0			5.0			0.0
34			9			245.0			-340.0			231.0			289.0			5.0			0.0			5.0			0.0
34			10			250.0			-475.0			229.0			291.0			5.0			0.0			6.0			0.0
35			1			333.0			-349.0			311.0			375.0			6.0			13.0			6.0			0.0
35			2			328.0			-324.0			312.0			384.0			6.0			0.0			5.0			13.0
35			3			318.0			-276.0			311.0			380.0			7.0			0.0			6.0			12.0
35			4			313.0			-244.0			313.0			-221.0			6.0			0.0			6.0			0.0
35			5			320.0			381.0			313.0			-196.0			6.0			11.0			6.0			0.0
35			6			326.0			-175.0			322.0			-145.0			6.0			10.0			6.0			0.0
35			7			331.0			383.0			314.0			-121.0			6.0			0.0			6.0			9.0
35			8			320.0			-99.0			321.0			-72.0			6.0			0.0			6.0			11.0
35			9			326.0			387.0			315.0			-163.0			7.0			0.0			6.0			0.0
35			10			342.0			-289.0			313.0			383.0			6.0			0.0			6.0			15.0
36			1			287.0			-451.0			269.0			344.0			5.0			0.0			5.0			0.0
36			2			284.0			344.0			285.0			-627.0			5.0			22.0			5.0			0.0
36			3			281.0			344.0			286.0			344.0			5.0			0.0			5.0			0.0
36			4			290.0			-808.0			271.0			328.0			5.0			21.0			5.0			0.0
36			5			282.0			350.0			280.0			328.0			10.0			-1072.0			5.0			0.0
36			6			291.0			334.0			281.0			334.0			5.0			0.0			5.0			0.0
36			7			305.0			-712.0			282.0			338.0			6.0			0.0			5.0			19.0
36			8			337.0			338.0			307.0			-639.0			6.0			0.0			5.0			0.0
36			9			353.0			341.0			350.0			360.0			6.0			0.0			6.0			0.0
36			10			347.0			-598.0			310.0			343.0			5.0			0.0			6.0			0.0
37			1			334.0			325.0			275.0			-591.0			9.0			0.0			9.0			17.0
37			2			343.0			310.0			319.0			-536.0			10.0			0.0			9.0			0.0
37			3			303.0			312.0			298.0			312.0			10.0			16.0			9.0			0.0
37			4			280.0			-504.0			272.0			329.0			9.0			0.0			8.0			0.0
37			5			266.0			-474.0			257.0			314.0			8.0			0.0			8.0			14.0
37			6			259.0			329.0			251.0			-433.0			8.0			0.0			9.0			0.0
37			7			272.0			314.0			271.0			-397.0			9.0			0.0			9.0			13.0
37			8			301.0			314.0			253.0			-377.0			9.0			13.0			9.0			0.0
37			9			265.0			312.0			256.0			-335.0			9.0			0.0			8.0			12.0
37			10			260.0			323.0			261.0			-309.0			8.0			0.0			9.0			11.0
38			1			397.0			-169.0			372.0			431.0			11.0			11.0			11.0			0.0
38			2			367.0			-133.0			364.0			-108.0			11.0			10.0			11.0			0.0
38			3			394.0			-80.0			465.0			-59.0			12.0			0.0			12.0			11.0
38			4			486.0			-159.0			413.0			429.0			13.0			0.0			14.0			14.0
38			5			456.0			-283.0			403.0			446.0			13.0			0.0			14.0			0.0
38			6			495.0			-425.0			420.0			432.0			12.0			0.0			11.0			0.0
38			7			405.0			-599.0			379.0			432.0			13.0			0.0			14.0			19.0
38			8			463.0			432.0			386.0			-549.0			12.0			0.0			12.0			18.0
38			9			485.0			430.0			384.0			-501.0			12.0			17.0			11.0			0.0
38			10			397.0			428.0			413.0			-463.0			12.0			0.0			11.0			17.0
39			1			388.0			442.0			376.0			-425.0			5.0			0.0			5.0			0.0
39			2			437.0			-375.0			353.0			433.0			5.0			0.0			5.0			0.0
39			3			425.0			-332.0			411.0			428.0			6.0			0.0			5.0			0.0
39			4			427.0			-308.0			376.0			423.0			5.0			14.0			5.0			0.0
39			5			355.0			-274.0			351.0			-236.0			5.0			0.0			4.0			0.0
39			6			365.0			437.0			347.0			-210.0			4.0			0.0			5.0			0.0
39			7			359.0			-184.0			347.0			-144.0			5.0			0.0			4.0			0.0
39			8			363.0			426.0			355.0			-129.0			5.0			0.0			6.0			0.0
39			9			347.0			-112.0			347.0			-71.0			4.0			0.0			5.0			0.0
39			10			353.0			-56.0			348.0			-36.0			5.0			0.0			5.0			11.0
40			1			371.0			-134.0			313.0			408.0			4.0			0.0			3.0			10.0
40			2			330.0			-125.0			366.0			-223.0			5.0			0.0			5.0			0.0
40			3			346.0			402.0			321.0			-347.0			4.0			0.0			5.0			0.0
40			4			327.0			413.0			320.0			-324.0			4.0			0.0			4.0			0.0
40			5			333.0			-296.0			338.0			403.0			4.0			13.0			5.0			0.0
40			6			334.0			-250.0			310.0			411.0			3.0			12.0			4.0			0.0
40			7			313.0			-224.0			314.0			-192.0			4.0			0.0			4.0			0.0
40			8			338.0			-163.0			309.0			414.0			4.0			0.0			4.0			0.0
40			9			315.0			-150.0			309.0			-115.0			4.0			0.0			4.0			0.0
40			10			328.0			-95.0			316.0			-70.0			7.0			0.0			6.0			9.0
41			1			452.0			83.0			449.0			-9.0			23.0			13.0			25.0			13.0
41			2			544.0			-124.0			434.0			567.0			23.0			0.0			23.0			16.0
41			3			437.0			-260.0			455.0			563.0			25.0			0.0			25.0			19.0
41			4			434.0			-410.0			468.0			-477.0			24.0			19.0			22.0			0.0
41			5			501.0			553.0			470.0			-442.0			23.0			18.0			23.0			18.0
41			6			470.0			565.0			471.0			-396.0			23.0			17.0			24.0			17.0
41			7			530.0			-335.0			499.0			539.0			26.0			21.0			25.0			21.0
41			8			508.0			-526.0			482.0			555.0			27.0			20.0			25.0			0.0
41			9			517.0			-487.0			432.0			568.0			23.0			0.0			23.0			19.0
41			10			437.0			-434.0			443.0			-375.0			23.0			0.0			25.0			17.0
42			1			460.0			498.0			445.0			-381.0			6.0			0.0			6.0			16.0
42			2			532.0			509.0			426.0			-343.0			7.0			0.0			6.0			0.0
42			3			461.0			-315.0			437.0			510.0			6.0			0.0			6.0			0.0
42			4			445.0			-263.0			426.0			-225.0			7.0			0.0			6.0			0.0
42			5			535.0			506.0			446.0			-201.0			6.0			0.0			6.0			13.0
42			6			428.0			-165.0			420.0			-134.0			7.0			0.0			6.0			12.0
42			7			449.0			-99.0			431.0			-75.0			8.0			0.0			7.0			0.0
42			8			463.0			506.0			414.0			-194.0			7.0			0.0			6.0			0.0
42			9			442.0			-330.0			404.0			506.0			7.0			0.0			7.0			0.0
42			10			432.0			-509.0			401.0			502.0			6.0			0.0			6.0			0.0
43			1			484.0			-394.0			447.0			552.0			20.0			18.0			19.0			0.0
43			2			459.0			-351.0			475.0			-316.0			19.0			16.0			19.0			16.0
43			3			546.0			569.0			521.0			-267.0			19.0			15.0			19.0			0.0
43			4			498.0			-236.0			464.0			-191.0			21.0			18.0			20.0			0.0
43			5			481.0			567.0			491.0			-355.0			20.0			21.0			20.0			0.0
43			6			481.0			569.0			475.0			-542.0			19.0			20.0			18.0			0.0
43			7			470.0			563.0			456.0			-482.0			19.0			19.0			19.0			0.0
43			8			514.0			-441.0			486.0			569.0			20.0			18.0			20.0			0.0
43			9			504.0			-393.0			482.0			579.0			20.0			0.0			19.0			18.0
43			10			465.0			-334.0			459.0			-284.0			19.0			0.0			19.0			16.0
44			1			500.0			-259.0			477.0			581.0			14.0			0.0			14.0			15.0
44			2			476.0			-210.0			481.0			-172.0			13.0			0.0			14.0			14.0
44			3			575.0			-145.0			508.0			573.0			16.0			0.0			24.0			-663.0
44			4			539.0			573.0			483.0			-87.0			13.0			12.0			13.0			12.0
44			5			466.0			-50.0			463.0			-18.0			14.0			11.0			13.0			0.0
44			6			469.0			13.0			513.0			-641.0			15.0			0.0			13.0			12.0
44			7			488.0			572.0			461.0			-53.0			14.0			14.0			14.0			0.0
44			8			502.0			-170.0			477.0			-137.0			14.0			0.0			13.0			13.0
44			9			489.0			-114.0			461.0			-79.0			14.0			12.0			12.0			0.0
44			10			486.0			-38.0			466.0			-20.0			13.0			14.0			13.0			0.0
45			1			546.0			-55.0			501.0			633.0			28.0			-655.0			22.0			12.0
45			2			533.0			-2.0			522.0			24.0			26.0			11.0			25.0			11.0
45			3			693.0			54.0			570.0			81.0			25.0			10.0			24.0			21.0
45			4			607.0			103.0			532.0			122.0			27.0			-467.0			22.0			9.0
45			5			536.0			181.0			498.0			189.0			22.0			8.0			22.0			17.0
45			6			525.0			240.0			548.0			155.0			22.0			11.0			22.0			11.0
45			7			567.0			45.0			556.0			-55.0			24.0			16.0			23.0			16.0
45			8			590.0			-180.0			565.0			637.0			27.0			0.0			26.0			19.0
45			9			571.0			-329.0			510.0			-314.0			23.0			0.0			22.0			23.0
45			10			620.0			645.0			630.0			-503.0			23.0			0.0			22.0			23.0
46			1			1197.0			-209.0			1218.0			936.0			142.0			55.0			139.0			55.0
46			2			1213.0			-431.0			1329.0			-439.0			88.0			54.0			87.0			54.0
46			3			1279.0			-385.0			1138.0			949.0			94.0			27.0			90.0			54.0
46			4			1214.0			-411.0			1274.0			-441.0			88.0			52.0			85.0			52.0
46			5			1182.0			-317.0			1126.0			944.0			91.0			51.0			89.0			51.0
46			6			1138.0			-345.0			1131.0			-322.0			89.0			50.0			85.0			50.0
46			7			1221.0			-328.0			1182.0			916.0			324.0			-1252.0			86.0			73.0
46			8			1228.0			936.0			1152.0			-247.0			90.0			49.0			90.0			49.0
46			9			1188.0			-308.0			1187.0			-280.0			93.0			49.0			88.0			49.0
46			10			1216.0			-262.0			1111.0			934.0			90.0			49.0			89.0			49.0
47			1			625.0			-550.0			600.0			-510.0			15.0			0.0			16.0			24.0
47			2			630.0			716.0			687.0			-537.0			15.0			24.0			15.0			0.0
47			3			656.0			691.0			639.0			-515.0			15.0			0.0			15.0			24.0
47			4			658.0			720.0			583.0			-547.0			15.0			0.0			16.0			24.0
47			5			670.0			-522.0			588.0			702.0			14.0			0.0			14.0			0.0
47			6			615.0			-552.0			577.0			702.0			15.0			25.0			14.0			0.0
47			7			612.0			-547.0			577.0			708.0			23.0			-1229.0			15.0			0.0
47			8			644.0			708.0			675.0			-561.0			15.0			25.0			14.0			0.0
47			9			703.0			714.0			649.0			-561.0			17.0			0.0			17.0			25.0
47			10			725.0			714.0			722.0			-582.0			14.0			25.0			15.0			0.0
48			1			1414.0			-182.0			1339.0			-131.0			83.0			51.0			86.0			51.0
48			2			1516.0			-162.0			1331.0			1072.0			83.0			51.0			152.0			-1157.0
48			3			1491.0			1125.0			1450.0			-137.0			92.0			24.0			83.0			48.0
48			4			1436.0			-136.0			1488.0			-107.0			84.0			48.0			81.0			48.0
48			5			1459.0			-160.0			1364.0			-83.0			96.0			24.0			81.0			48.0
48			6			1467.0			-160.0			1441.0			-107.0			81.0			49.0			79.0			49.0
48			7			1420.0			-136.0			1379.0			-83.0			80.0			24.0			78.0			49.0
48			8			1393.0			-160.0			1368.0			-108.0			81.0			49.0			80.0			49.0
48			9			1413.0			-159.0			1358.0			-67.0			77.0			49.0			77.0			24.0
48			10			1383.0			-156.0			1354.0			1099.0			126.0			-1115.0			81.0			48.0
49			1			631.0			732.0			615.0			-547.0			22.0			0.0			22.0			23.0
49			2			625.0			742.0			621.0			-456.0			25.0			0.0			26.0			23.0
49			3			631.0			-455.0			593.0			744.0			22.0			0.0			21.0			24.0
49			4			592.0			-456.0			587.0			-452.0			22.0			0.0			20.0			24.0
49			5			625.0			749.0			593.0			-484.0			22.0			0.0			20.0			24.0
49			6			621.0			749.0			589.0			-476.0			22.0			0.0			21.0			24.0
49			7			611.0			-465.0			652.0			733.0			24.0			0.0			24.0			24.0
49			8			610.0			-483.0			580.0			-490.0			21.0			0.0			21.0			24.0
49			9			632.0			742.0			666.0			-493.0			21.0			0.0			21.0			25.0
49			10			626.0			750.0			591.0			-526.0			22.0			25.0			21.0			0.0
50			1			815.0			-322.0			764.0			962.0			12.0			0.0			11.0			0.0
50			2			768.0			-331.0			779.0			-320.0			12.0			0.0			12.0			25.0
50			3			797.0			-333.0			781.0			947.0			11.0			0.0			12.0			25.0
50			4			741.0			-325.0			746.0			-333.0			12.0			0.0			12.0			0.0
50			5			771.0			-360.0			741.0			938.0			12.0			26.0			12.0			0.0
50			6			778.0			-340.0			793.0			-357.0			12.0			0.0			11.0			26.0
50			7			867.0			-369.0			780.0			946.0			12.0			0.0			11.0			26.0
50			8			776.0			-363.0			763.0			-367.0			12.0			0.0			11.0			0.0
50			9			802.0			-397.0			757.0			958.0			12.0			0.0			12.0			0.0
50			10			779.0			-374.0			771.0			-394.0			13.0			0.0			11.0			26.0
51			1			973.0			-291.0			874.0			1017.0			17.0			0.0			22.0			26.0
51			2			863.0			-324.0			841.0			-290.0			17.0			0.0			16.0			0.0
51			3			892.0			-326.0			829.0			1024.0			18.0			26.0			17.0			0.0
51			4			851.0			-325.0			853.0			-316.0			18.0			0.0			19.0			27.0
51			5			925.0			-328.0			858.0			1028.0			19.0			0.0			18.0			27.0
51			6			835.0			-324.0			860.0			-319.0			17.0			0.0			17.0			27.0
51			7			868.0			-328.0			850.0			-320.0			18.0			0.0			17.0			27.0
51			8			867.0			1032.0			849.0			-327.0			18.0			0.0			17.0			0.0
51			9			848.0			-330.0			822.0			-347.0			18.0			27.0			17.0			0.0
51			10			872.0			1006.0			822.0			-328.0			18.0			27.0			17.0			0.0
52			1			833.0			-357.0			834.0			-374.0			17.0			27.0			17.0			0.0
52			2			892.0			979.0			808.0			-382.0			18.0			27.0			17.0			0.0
52			3			853.0			-385.0			804.0			-374.0			17.0			27.0			17.0			0.0
52			4			865.0			979.0			812.0			-382.0			18.0			27.0			16.0			0.0
52			5			847.0			-385.0			805.0			-347.0			18.0			0.0			17.0			0.0
52			6			846.0			980.0			918.0			-355.0			18.0			0.0			19.0			0.0
52			7			965.0			-385.0			864.0			-347.0			18.0			0.0			16.0			0.0
52			8			936.0			979.0			928.0			-383.0			18.0			0.0			16.0			27.0
52			9			870.0			-358.0			903.0			980.0			18.0			0.0			44.0			-1320.0
52			10			1107.0			1007.0			956.0			-388.0			18.0			27.0			17.0			0.0
53			1			1410.0			-113.0			1432.0			-108.0			90.0			26.0			89.0			53.0
53			2			1489.0			-145.0			1574.0			-77.0			92.0			52.0			88.0			52.0
53			3			1618.0			-98.0			1381.0			-71.0			83.0			52.0			82.0			52.0
53			4			1389.0			-102.0			1452.0			-291.0			83.0			51.0			82.0			25.0
53			5			1377.0			-41.0			1365.0			-12.0			82.0			49.0			80.0			49.0
53			6			1376.0			-48.0			1404.0			8.0			99.0			49.0			84.0			49.0
53			7			1474.0			-64.0			1454.0			32.0			93.0			48.0			89.0			48.0
53			8			1591.0			-9.0			1408.0			34.0			91.0			24.0			83.0			49.0
53			9			1383.0			-58.0			1379.0			37.0			88.0			49.0			82.0			24.0
53			10			1422.0			-33.0			1398.0			10.0			85.0			49.0			92.0			49.0
54			1			2103.0			363.0			2000.0			-772.0			175.0			98.0			177.0			98.0
54			2			2169.0			202.0			2382.0			429.0			204.0			98.0			245.0			-1069.0
54			3			2204.0			432.0			2073.0			439.0			182.0			96.0			192.0			96.0
54			4			2164.0			-958.0			1994.0			432.0			179.0			96.0			181.0			96.0
54			5			2094.0			-768.0			1991.0			396.0			179.0			96.0			179.0			96.0
54			6			2172.0			413.0			2117.0			-754.0			191.0			96.0			183.0			96.0
54			7			2164.0			218.0			1994.0			-693.0			173.0			72.0			174.0			96.0
54			8			2139.0			448.0			1988.0			462.0			244.0			-1026.0			184.0			95.0
54			9			2308.0			169.0			2107.0			485.0			184.0			94.0			236.0			-996.0
54			10			2266.0			452.0			2180.0			495.0			184.0			92.0			184.0			92.0
55			1			879.0			1015.0			854.0			-107.0			102.0			46.0			98.0			46.0
55			2			870.0			-135.0			865.0			-107.0			95.0			46.0			100.0			46.0
55			3			991.0			-136.0			892.0			-129.0			94.0			47.0			93.0			47.0
55			4			962.0			-137.0			916.0			-154.0			94.0			47.0			95.0			47.0
55			5			952.0			-158.0			854.0			-123.0			92.0			65.0			92.0			43.0
55			6			951.0			-55.0			844.0			-9.0			102.0			43.0			102.0			64.0
55			7			1014.0			-35.0			997.0			6.0			104.0			39.0			101.0			59.0
55			8			865.0			38.0			866.0			71.0			101.0			54.0			95.0			54.0
55			9			955.0			129.0			852.0			-773.0			92.0			55.0			94.0			55.0
55			10			928.0			118.0			916.0			-17.0			102.0			62.0			99.0			41.0
56			1			1118.0			132.0			1163.0			-19.0			28.0			23.0			31.0			23.0
56			2			1240.0			9.0			1193.0			-153.0			30.0			26.0			30.0			26.0
56			3			1088.0			-125.0			950.0			-154.0			27.0			26.0			27.0			0.0
56			4			1016.0			-154.0			935.0			1174.0			27.0			0.0			28.0			26.0
56			5			1063.0			-162.0			1014.0			-149.0			29.0			0.0			28.0			26.0
56			6			1001.0			-442.0			992.0			-133.0			30.0			0.0			28.0			25.0
56			7			1018.0			-78.0			947.0			-48.0			27.0			0.0			26.0			23.0
56			8			994.0			-2.0			946.0			62.0			28.0			21.0			26.0			0.0
56			9			990.0			95.0			959.0			-843.0			31.0			19.0			30.0			19.0
56			10			1102.0			224.0			993.0			273.0			32.0			17.0			28.0			0.0
57			1			1119.0			-439.0			1080.0			331.0			65.0			21.0			65.0			43.0
57			2			1122.0			188.0			1016.0			235.0			60.0			24.0			61.0			48.0
57			3			1037.0			91.0			995.0			37.0			61.0			54.0			62.0			27.0
57			4			1127.0			-78.0			989.0			-105.0			62.0			54.0			60.0			27.0
57			5			1049.0			-106.0			1005.0			-77.0			60.0			27.0			60.0			27.0
57			6			1014.0			-106.0			1005.0			-78.0			62.0			27.0			61.0			27.0
57			7			1033.0			-90.0			1028.0			-33.0			62.0			25.0			61.0			25.0
57			8			1051.0			13.0			1067.0			67.0			61.0			54.0			62.0			27.0
57			9			1037.0			-94.0			997.0			-14.0			63.0			25.0			61.0			25.0
57			10			1035.0			30.0			1012.0			-1043.0			62.0			26.0			61.0			26.0
58			1			1139.0			10.0			1095.0			-25.0			20.0			25.0			20.0			0.0
58			2			1437.0			22.0			1148.0			93.0			23.0			0.0			23.0			0.0
58			3			1206.0			151.0			1105.0			188.0			19.0			0.0			20.0			25.0
58			4			1090.0			51.0			1112.0			70.0			21.0			23.0			21.0			0.0
58			5			1268.0			129.0			1127.0			181.0			20.0			0.0			19.0			25.0
58			6			1135.0			46.0			1235.0			3.0			24.0			26.0			22.0			0.0
58			7			1184.0			15.0			1124.0			-50.0			20.0			0.0			19.0			0.0
58			8			1184.0			-50.0			1098.0			-50.0			21.0			0.0			20.0			27.0
58			9			1114.0			-44.0			1117.0			23.0			21.0			0.0			21.0			0.0
58			10			1132.0			-47.0			1073.0			-50.0			19.0			0.0			20.0			0.0
59			1			1250.0			117.0			1325.0			-1080.0			41.0			24.0			45.0			24.0
59			2			1309.0			307.0			1214.0			335.0			42.0			26.0			40.0			26.0
59			3			1380.0			183.0			1367.0			-84.0			44.0			27.0			46.0			27.0
59			4			1286.0			149.0			1231.0			-1227.0			42.0			26.0			45.0			0.0
59			5			1314.0			206.0			1287.0			248.0			46.0			26.0			43.0			0.0
59			6			1652.0			146.0			1313.0			141.0			43.0			27.0			43.0			27.0
59			7			1440.0			142.0			1329.0			140.0			44.0			26.0			45.0			26.0
59			8			1374.0			133.0			1214.0			200.0			41.0			27.0			41.0			27.0
59			9			1335.0			167.0			1310.0			204.0			44.0			0.0			42.0			24.0
59			10			1432.0			254.0			1350.0			-823.0			44.0			21.0			44.0			21.0
60			1			1538.0			439.0			1446.0			-535.0			72.0			38.0			70.0			38.0
60			2			1366.0			553.0			1443.0			-298.0			75.0			34.0			79.0			34.0
60			3			1431.0			-153.0			1296.0			-342.0			78.0			41.0			69.0			41.0
60			4			1288.0			481.0			1349.0			-456.0			74.0			44.0			76.0			22.0
60			5			1255.0			420.0			1254.0			-555.0			69.0			38.0			68.0			38.0
60			6			1407.0			542.0			1246.0			-311.0			71.0			34.0			70.0			34.0
60			7			1415.0			-171.0			1339.0			-47.0			68.0			44.0			68.0			29.0
60			8			1356.0			66.0			1379.0			-86.0			76.0			30.0			70.0			45.0
60			9			1298.0			40.0			1303.0			-515.0			67.0			44.0			70.0			22.0
60			10			1564.0			412.0			1238.0			395.0			73.0			25.0			74.0			25.0
61			1			1750.0			-805.0			1566.0			419.0			18.0			0.0			17.0			0.0
61			2			1528.0			415.0			1454.0			-961.0			19.0			0.0			17.0			0.0
61			3			1621.0			480.0			1416.0			505.0			30.0			-1169.0			17.0			0.0
61			4			1552.0			416.0			1388.0			403.0			18.0			0.0			17.0			26.0
61			5			1458.0			-790.0			1406.0			578.0			19.0			0.0			17.0			23.0
61			6			1464.0			-475.0			1399.0			730.0			18.0			0.0			17.0			20.0
61			7			1391.0			-223.0			1419.0			-49.0			19.0			0.0			18.0			17.0
61			8			1412.0			-75.0			1395.0			614.0			19.0			0.0			18.0			0.0
61			9			1404.0			-788.0			1467.0			418.0			18.0			0.0			18.0			27.0
61			10			1448.0			-894.0			1427.0			532.0			19.0			0.0			17.0			24.0
62			1			1547.0			-505.0			1593.0			747.0			108.0			63.0			103.0			42.0
62			2			1608.0			-225.0			1565.0			-62.0			101.0			54.0			102.0			54.0
62			3			1850.0			101.0			1817.0			-319.0			114.0			67.0			108.0			44.0
62			4			2175.0			-324.0			1598.0			-407.0			99.0			56.0			100.0			56.0
62			5			1647.0			-6.0			1698.0			136.0			103.0			48.0			100.0			48.0
62			6			1541.0			255.0			1634.0			-109.0			102.0			71.0			103.0			47.0
62			7			1722.0			-579.0			1731.0			628.0			108.0			54.0			108.0			54.0
62			8			1776.0			-864.0			1570.0			475.0			100.0			78.0			102.0			52.0
62			9			1547.0			550.0			1586.0			-595.0			103.0			45.0			110.0			68.0
62			10			1664.0			-403.0			1579.0			798.0			103.0			49.0			105.0			49.0
63			1			2936.0			-94.0			2803.0			-3.0			299.0			179.0			735.0			-1157.0
63			2			2952.0			1121.0			3008.0			-57.0			405.0			-902.0			317.0			159.0
63			3			3050.0			-368.0			3042.0			119.0			316.0			162.0			293.0			162.0
63			4			2965.0			51.0			2854.0			29.0			311.0			164.0			322.0			164.0
63			5			3183.0			-251.0			2947.0			70.0			292.0			184.0			345.0			-870.0
63			6			2904.0			89.0			2862.0			150.0			303.0			178.0			296.0			156.0
63			7			2901.0			-205.0			2793.0			130.0			293.0			160.0			287.0			160.0
63			8			2882.0			115.0			2832.0			-914.0			296.0			157.0			315.0			179.0
63			9			2948.0			-233.0			2801.0			144.0			291.0			159.0			286.0			159.0
63			10			2882.0			119.0			2756.0			118.0			296.0			157.0			344.0			-869.0
64			1			1815.0			-448.0			1647.0			1001.0			126.0			67.0			138.0			-1037.0
64			2			1819.0			979.0			1682.0			-156.0			126.0			70.0			127.0			70.0
64			3			1728.0			-204.0			1673.0			-263.0			129.0			72.0			128.0			72.0
64			4			1765.0			-291.0			1699.0			-330.0			127.0			49.0			129.0			74.0
64			5			1849.0			886.0			1699.0			-381.0			132.0			75.0			130.0			75.0
64			6			1744.0			-431.0			1707.0			-416.0			134.0			51.0			131.0			77.0
64			7			1856.0			819.0			1773.0			-298.0			130.0			68.0			129.0			68.0
64			8			1739.0			-110.0			1707.0			-295.0			132.0			68.0			131.0			68.0
64			9			1774.0			-102.0			1708.0			-205.0			134.0			70.0			132.0			70.0
64			10			1812.0			-173.0			1693.0			961.0			153.0			-1068.0			128.0			79.0
65			1			1808.0			723.0			1557.0			-660.0			14.0			26.0			12.0			0.0
65			2			1665.0			683.0			1539.0			-658.0			12.0			0.0			13.0			0.0
65			3			1682.0			740.0			1585.0			-534.0			15.0			0.0			15.0			0.0
65			4			1873.0			722.0			1649.0			-699.0			13.0			26.0			12.0			0.0
65			5			1824.0			-516.0			1629.0			836.0			13.0			0.0			13.0			26.0
65			6			1767.0			-558.0			1690.0			811.0			13.0			0.0			13.0			0.0
65			7			1757.0			914.0			1758.0			-90.0			14.0			0.0			15.0			0.0
65			8			1673.0			74.0			1539.0			281.0			13.0			0.0			13.0			19.0
65			9			1648.0			-66.0			1548.0			734.0			13.0			0.0			13.0			0.0
65			10			1579.0			-516.0			1552.0			756.0			13.0			0.0			13.0			0.0
66			1			1878.0			-688.0			1678.0			583.0			81.0			55.0			83.0			27.0
66			2			1751.0			-791.0			1571.0			611.0			77.0			55.0			80.0			27.0
66			3			1744.0			-721.0			1625.0			716.0			84.0			24.0			188.0			-1547.0
66			4			2091.0			609.0			1795.0			600.0			76.0			54.0			75.0			27.0
66			5			1682.0			-677.0			1602.0			-481.0			77.0			46.0			78.0			46.0
66			6			2004.0			817.0			1720.0			-202.0			81.0			40.0			81.0			40.0
66			7			1887.0			-966.0			1760.0			189.0			78.0			33.0			76.0			50.0
66			8			1929.0			334.0			1639.0			-279.0			72.0			33.0			72.0			33.0
66			9			2058.0			158.0			1631.0			-397.0			73.0			52.0			75.0			26.0
66			10			1872.0			669.0			1661.0			-697.0			77.0			27.0			73.0			27.0
67			1			1955.0			885.0			2019.0			-485.0			181.0			81.0			167.0			81.0
67			2			1973.0			-477.0			2078.0			881.0			215.0			-1200.0			177.0			107.0
67			3			2268.0			893.0			1766.0			-475.0			162.0			103.0			160.0			103.0
67			4			1929.0			-262.0			1779.0			-96.0			164.0			87.0			157.0			87.0
67			5			1863.0			88.0			1843.0			257.0			175.0			-840.0			160.0			108.0
67			6			2126.0			109.0			1910.0			270.0			164.0			89.0			165.0			112.0
67			7			1869.0			-91.0			1920.0			-336.0			163.0			81.0			166.0			108.0
67			8			2043.0			-811.0			1957.0			893.0			164.0			78.0			165.0			104.0
67			9			1951.0			-325.0			1814.0			-299.0			158.0			80.0			177.0			107.0
67			10			2272.0			-462.0			1852.0			880.0			156.0			81.0			156.0			109.0
68			1			1842.0			-373.0			1807.0			-153.0			49.0			23.0			49.0			23.0
68			2			1900.0			38.0			1882.0			-785.0			51.0			19.0			49.0			38.0
68			3			1941.0			436.0			1823.0			206.0			50.0			19.0			49.0			39.0
68			4			1874.0			-735.0			1822.0			1060.0			52.0			23.0			51.0			23.0
68			5			1859.0			-1145.0			1816.0			201.0			52.0			19.0			54.0			39.0
68			6			1938.0			383.0			1844.0			142.0			50.0			20.0			51.0			20.0
68			7			1845.0			-829.0			1817.0			27.0			50.0			21.0			50.0			42.0
68			8			1999.0			-35.0			1844.0			993.0			49.0			27.0			49.0			27.0
68			9			1937.0			-432.0			1856.0			-366.0			51.0			27.0			50.0			27.0
68			10			1959.0			942.0			2007.0			-429.0			50.0			27.0			50.0			27.0
69			1			2386.0			-94.0			2527.0			-409.0			81.0			52.0			79.0			26.0
69			2			2383.0			71.0			2247.0			-832.0			87.0			42.0			88.0			42.0
69			3			2458.0			536.0			2173.0			-218.0			85.0			35.0			80.0			52.0
69			4			2244.0			-81.0			2169.0			282.0			87.0			27.0			86.0			54.0
69			5			2493.0			-91.0			2301.0			-66.0			88.0			27.0			87.0			54.0
69			6			2357.0			-15.0			2328.0			186.0			85.0			45.0			83.0			45.0
69			7			2307.0			-915.0			2091.0			190.0			82.0			45.0			81.0			45.0
69			8			2244.0			391.0			2071.0			-423.0			84.0			37.0			85.0			37.0
69			9			2264.0			-92.0			2179.0			21.0			86.0			44.0			84.0			44.0
69			10			2333.0			477.0			2101.0			-337.0			84.0			54.0			82.0			36.0
70			1			2146.0			-306.0			2097.0			-437.0			66.0			42.0			64.0			42.0
70			2			2161.0			473.0			2067.0			-282.0			68.0			46.0			66.0			23.0
70			3			2343.0			351.0			2258.0			-39.0			67.0			27.0			68.0			54.0
70			4			2264.0			-36.0			2099.0			-1.0			68.0			24.0			67.0			49.0
70			5			2197.0			222.0			2095.0			-907.0			66.0			49.0			65.0			24.0
70			6			2269.0			224.0			2318.0			418.0			69.0			42.0			67.0			21.0
70			7			2193.0			-608.0			2309.0			249.0			68.0			26.0			70.0			53.0
70			8			2660.0			-35.0			2416.0			-37.0			68.0			25.0			69.0			51.0
70			9			2466.0			131.0			2298.0			302.0			84.0			-1037.0			68.0			21.0
70			10			2465.0			254.0			2220.0			-159.0			67.0			34.0			66.0			34.0
71			1			2059.0			5.0			1980.0			-424.0			38.0			27.0			38.0			26.0
71			2			2078.0			445.0			1972.0			-537.0			39.0			21.0			38.0			21.0
71			3			2166.0			469.0			2061.0			267.0			39.0			0.0			38.0			23.0
71			4			2200.0			0.0			2019.0			-174.0			39.0			27.0			39.0			27.0
71			5			2119.0			-115.0			2026.0			-47.0			41.0			25.0			40.0			25.0
71			6			2109.0			5.0			2037.0			-98.0			40.0			26.0			40.0			0.0
71			7			2175.0			-143.0			2007.0			-117.0			41.0			24.0			39.0			0.0
71			8			2158.0			-12.0			2017.0			-143.0			41.0			0.0			41.0			26.0
71			9			2201.0			1173.0			2006.0			1137.0			41.0			25.0			40.0			25.0
71			10			2088.0			-1489.0			1976.0			278.0			39.0			21.0			38.0			21.0
72			1			2171.0			612.0			2004.0			-134.0			15.0			0.0			14.0			17.0
72			2			2025.0			-599.0			1983.0			11.0			15.0			16.0			15.0			0.0
72			3			2127.0			315.0			1997.0			-113.0			14.0			0.0			14.0			12.0
72			4			2036.0			-158.0			2004.0			279.0			15.0			0.0			14.0			14.0
72			5			2035.0			-290.0			2019.0			-102.0			14.0			0.0			14.0			17.0
72			6			2136.0			16.0			2082.0			464.0			15.0			0.0			15.0			0.0
72			7			2114.0			-530.0			2034.0			-178.0			15.0			0.0			15.0			17.0
72			8			2164.0			143.0			2013.0			378.0			15.0			14.0			15.0			14.0
72			9			2085.0			-612.0			2041.0			400.0			15.0			12.0			15.0			12.0
72			10			2251.0			-152.0			2138.0			287.0			16.0			14.0			14.0			0.0
73			1			2376.0			-95.0			2361.0			78.0			101.0			51.0			104.0			68.0
73			2			2288.0			-388.0			2320.0			63.0			102.0			63.0			98.0			47.0
73			3			2356.0			188.0			2744.0			-403.0			114.0			66.0			118.0			44.0
73			4			3408.0			473.0			3520.0			158.0			143.0			77.0			138.0			51.0
73			5			3234.0			-1166.0			3387.0			620.0			122.0			63.0			129.0			42.0
73			6			2807.0			-170.0			2997.0			-666.0			123.0			48.0			127.0			64.0
73			7			3531.0			-159.0			3148.0			215.0			103.0			60.0			99.0			48.0
73			8			2672.0			153.0			2447.0			33.0			108.0			52.0			110.0			69.0
73			9			2721.0			-413.0			2403.0			-240.0			107.0			51.0			100.0			51.0
73			10			2641.0			349.0			2346.0			370.0			109.0			47.0			103.0			47.0
74			1			2872.0			-263.0			3183.0			84.0			50.0			37.0			50.0			18.0
74			2			2871.0			-388.0			3016.0			92.0			67.0			13.0			67.0			27.0
74			3			3679.0			-280.0			3053.0			512.0			65.0			-767.0			52.0			30.0
74			4			3162.0			-119.0			3331.0			-21.0			64.0			22.0			64.0			22.0
74			5			3191.0			589.0			3419.0			-695.0			57.0			20.0			52.0			20.0
74			6			3454.0			-64.0			2957.0			643.0			49.0			25.0			49.0			25.0
74			7			3237.0			-606.0			2749.0			514.0			56.0			26.0			55.0			26.0
74			8			2986.0			422.0			2734.0			-890.0			48.0			24.0			45.0			24.0
74			9			2956.0			702.0			2775.0			-157.0			47.0			20.0			46.0			20.0
74			10			2647.0			-692.0			2819.0			601.0			58.0			-722.0			44.0			14.0
75			1			3313.0			5.0			2970.0			166.0			151.0			68.0			138.0			54.0
75			2			2587.0			-329.0			2645.0			618.0			125.0			60.0			133.0			-924.0
75			3			3032.0			797.0			2672.0			-719.0			116.0			53.0			116.0			53.0
75			4			2921.0			580.0			2659.0			-364.0			128.0			64.0			119.0			64.0
75			5			2863.0			64.0			2688.0			-476.0			127.0			80.0			124.0			60.0
75			6			2837.0			248.0			2717.0			-238.0			147.0			61.0			118.0			61.0
75			7			3214.0			-444.0			3344.0			128.0			161.0			67.0			137.0			67.0
75			8			3890.0			-37.0			3595.0			384.0			141.0			-538.0			140.0			61.0
75			9			3088.0			431.0			2723.0			115.0			121.0			68.0			114.0			68.0
75			10			2576.0			-702.0			2460.0			419.0			120.0			67.0			116.0			67.0
76			1			3004.0			-389.0			2793.0			226.0			125.0			72.0			122.0			72.0
76			2			2873.0			-166.0			2746.0			-224.0			125.0			71.0			122.0			71.0
76			3			2855.0			-201.0			2814.0			70.0			128.0			54.0			124.0			81.0
76			4			3078.0			-580.0			2890.0			960.0			127.0			71.0			145.0			-1077.0
76			5			3049.0			883.0			2755.0			-303.0			129.0			70.0			125.0			70.0
76			6			2871.0			141.0			2737.0			-433.0			127.0			71.0			123.0			71.0
76			7			2840.0			-224.0			2734.0			361.0			130.0			82.0			125.0			61.0
76			8			2804.0			-391.0			2739.0			175.0			128.0			60.0			254.0			-913.0
76			9			2930.0			282.0			2733.0			350.0			126.0			69.0			125.0			69.0
76			10			2860.0			-326.0			2737.0			-199.0			127.0			68.0			124.0			68.0
77			1			2849.0			113.0			2673.0			459.0			195.0			110.0			210.0			-952.0
77			2			3018.0			894.0			2707.0			-622.0			220.0			107.0			215.0			107.0
77			3			2925.0			690.0			2608.0			-486.0			195.0			94.0			192.0			118.0
77			4			2705.0			-222.0			2634.0			-620.0			194.0			107.0			190.0			107.0
77			5			2896.0			692.0			2659.0			-668.0			192.0			128.0			191.0			103.0
77			6			2883.0			-808.0			2638.0			746.0			193.0			98.0			193.0			98.0
77			7			2663.0			-334.0			3816.0			-633.0			225.0			102.0			219.0			128.0
77			8			4013.0			847.0			3911.0			-1096.0			280.0			121.0			284.0			101.0
77			9			4457.0			452.0			3955.0			-51.0			230.0			108.0			236.0			-636.0
77			10			4254.0			520.0			4043.0			-225.0			263.0			106.0			289.0			-395.0
78			1			4474.0			398.0			4342.0			249.0			128.0			54.0			136.0			27.0
78			2			4743.0			-265.0			4161.0			109.0			103.0			44.0			106.0			44.0
78			3			3595.0			-464.0			3298.0			123.0			100.0			48.0			102.0			64.0
78			4			3626.0			-689.0			4156.0			990.0			129.0			54.0			135.0			54.0
78			5			3778.0			-340.0			3514.0			-37.0			131.0			68.0			122.0			45.0
78			6			4035.0			-604.0			3633.0			-12.0			131.0			50.0			127.0			50.0
78			7			4628.0			-216.0			4668.0			-171.0			140.0			57.0			136.0			45.0
78			8			4214.0			21.0			3786.0			177.0			133.0			41.0			123.0			55.0
78			9			4002.0			246.0			4442.0			305.0			125.0			63.0			126.0			42.0
78			10			4625.0			546.0			4161.0			-71.0			128.0			46.0			129.0			46.0
79			1			5124.0			304.0			4123.0			219.0			21.0			22.0			19.0			0.0
79			2			4702.0			751.0			4310.0			-568.0			22.0			15.0			20.0			0.0
79			3			4169.0			-160.0			2914.0			-340.0			23.0			10.0			22.0			10.0
79			4			4572.0			155.0			4284.0			-228.0			21.0			20.0			22.0			10.0
79			5			3829.0			184.0			4283.0			173.0			25.0			9.0			27.0			19.0
79			6			4343.0			-132.0			4019.0			39.0			21.0			11.0			19.0			11.0
79			7			3477.0			-192.0			3603.0			149.0			28.0			11.0			26.0			11.0
79			8			3572.0			471.0			4172.0			-717.0			20.0			13.0			21.0			13.0
79			9			3977.0			160.0			3868.0			151.0			25.0			10.0			27.0			10.0
79			10			4500.0			-416.0			3470.0			47.0			21.0			14.0			21.0			14.0
80			1			4224.0			51.0			4026.0			-105.0			406.0			210.0			398.0			224.0
80			2			3602.0			5.0			3745.0			6.0			431.0			219.0			435.0			219.0
80			3			3860.0			-859.0			4400.0			234.0			398.0			216.0			434.0			240.0
80			4			4137.0			-586.0			3388.0			-225.0			407.0			211.0			401.0			228.0
80			5			3639.0			247.0			3763.0			-356.0			489.0			215.0			522.0			-535.0
80			6			4303.0			-144.0			3734.0			137.0			506.0			217.0			493.0			-289.0
80			7			3826.0			358.0			3378.0			469.0			468.0			209.0			428.0			235.0
80			8			3725.0			17.0			3354.0			58.0			406.0			198.0			404.0			223.0
80			9			3650.0			377.0			3562.0			-508.0			400.0			206.0			485.0			-667.0
80			10			3798.0			491.0			3608.0			285.0			444.0			216.0			466.0			-941.0
81			1			4031.0			-114.0			3657.0			527.0			149.0			67.0			177.0			67.0
81			2			3862.0			-181.0			3533.0			-248.0			131.0			69.0			129.0			69.0
81			3			3928.0			-318.0			3683.0			129.0			167.0			58.0			155.0			73.0
81			4			4364.0			75.0			4784.0			389.0			164.0			-779.0			133.0			64.0
81			5			4407.0			488.0			4258.0			-626.0			132.0			68.0			128.0			68.0
81			6			4401.0			710.0			4033.0			-674.0			150.0			70.0			142.0			70.0
81			7			4387.0			-154.0			3553.0			464.0			144.0			-750.0			126.0			81.0
81			8			4440.0			21.0			4234.0			523.0			156.0			84.0			164.0			67.0
81			9			4033.0			-199.0			4239.0			-203.0			132.0			68.0			146.0			86.0
81			10			4181.0			287.0			4201.0			-225.0			126.0			65.0			131.0			65.0
82			1			4671.0			-185.0			4990.0			-249.0			49.0			19.0			47.0			38.0
82			2			4357.0			306.0			3857.0			-408.0			52.0			33.0			47.0			33.0
82			3			4598.0			-383.0			3783.0			1099.0			71.0			26.0			57.0			26.0
82			4			4371.0			-955.0			4105.0			664.0			50.0			22.0			49.0			22.0
82			5			3688.0			-402.0			4300.0			-92.0			52.0			40.0			47.0			20.0
82			6			4009.0			-308.0			3904.0			-192.0			69.0			26.0			69.0			26.0
82			7			4029.0			135.0			3665.0			0.0			50.0			21.0			48.0			43.0
82			8			4125.0			-358.0			4276.0			518.0			62.0			17.0			58.0			34.0
82			9			5047.0			-404.0			4001.0			561.0			60.0			25.0			67.0			25.0
82			10			4336.0			-923.0			5222.0			645.0			65.0			45.0			50.0			22.0
83			1			4674.0			-738.0			5833.0			160.0			70.0			31.0			74.0			31.0
83			2			4269.0			262.0			4161.0			-464.0			75.0			37.0			75.0			37.0
83			3			4019.0			393.0			3889.0			112.0			73.0			21.0			71.0			43.0
83			4			4332.0			-227.0			3767.0			550.0			82.0			54.0			66.0			27.0
83			5			3967.0			-1229.0			3883.0			761.0			73.0			23.0			69.0			46.0
83			6			4127.0			-789.0			4095.0			102.0			75.0			47.0			82.0			31.0
83			7			4076.0			62.0			4057.0			47.0			67.0			31.0			67.0			47.0
83			8			3824.0			-64.0			3983.0			-120.0			74.0			33.0			66.0			33.0
83			9			3821.0			167.0			3838.0			-124.0			72.0			40.0			67.0			40.0
83			10			3843.0			-395.0			3731.0			958.0			68.0			25.0			74.0			50.0
84			1			3929.0			-409.0			3731.0			-406.0			113.0			46.0			101.0			69.0
84			2			4233.0			379.0			4141.0			-983.0			91.0			47.0			90.0			47.0
84			3			3927.0			826.0			3820.0			-880.0			92.0			48.0			91.0			65.0
84			4			4094.0			246.0			4121.0			357.0			113.0			-726.0			91.0			57.0
84			5			4190.0			703.0			3758.0			-417.0			92.0			55.0			92.0			36.0
84			6			4170.0			-427.0			3956.0			166.0			97.0			48.0			119.0			64.0
84			7			4230.0			262.0			4274.0			34.0			125.0			-532.0			122.0			43.0
84			8			4321.0			124.0			4094.0			299.0			100.0			41.0			101.0			41.0
84			9			4560.0			-472.0			3800.0			131.0			91.0			52.0			89.0			52.0
84			10			4071.0			-386.0			4736.0			95.0			108.0			66.0			110.0			44.0
85			1			4971.0			-119.0			4683.0			-248.0			216.0			114.0			215.0			114.0
85			2			5076.0			-269.0			4604.0			593.0			204.0			110.0			211.0			110.0
85			3			4555.0			-93.0			4443.0			-681.0			228.0			112.0			247.0			112.0
85			4			5314.0			10.0			5276.0			-89.0			203.0			110.0			214.0			123.0
85			5			4679.0			479.0			4732.0			-1083.0			203.0			112.0			206.0			112.0
85			6			4983.0			-163.0			4780.0			-71.0			211.0			118.0			209.0			103.0
85			7			4450.0			470.0			4475.0			241.0			224.0			108.0			203.0			108.0
85			8			4640.0			-322.0			4502.0			-727.0			209.0			101.0			211.0			121.0
85			9			4632.0			298.0			4491.0			-348.0			208.0			109.0			206.0			131.0
85			10			4331.0			-52.0			4260.0			-102.0			200.0			121.0			208.0			121.0
86			1			4793.0			-416.0			4918.0			542.0			91.0			53.0			93.0			26.0
86			2			4651.0			-138.0			4531.0			-537.0			90.0			40.0			92.0			60.0
86			3			4897.0			97.0			5361.0			-427.0			106.0			49.0			101.0			49.0
86			4			5145.0			18.0			4974.0			292.0			98.0			38.0			97.0			57.0
86			5			4750.0			-209.0			4557.0			67.0			94.0			44.0			94.0			44.0
86			6			4846.0			325.0			4415.0			-405.0			109.0			50.0			100.0			50.0
86			7			4885.0			424.0			4770.0			-133.0			89.0			52.0			87.0			52.0
86			8			4611.0			-314.0			4501.0			-519.0			89.0			60.0			88.0			40.0
86			9			5109.0			-347.0			4606.0			101.0			92.0			50.0			91.0			50.0
86			10			4828.0			338.0			4618.0			-22.0			96.0			45.0			99.0			-698.0
87			1			4961.0			320.0			4670.0			-239.0			662.0			297.0			567.0			316.0
87			2			5211.0			296.0			4892.0			-945.0			599.0			314.0			581.0			314.0
87			3			5063.0			-609.0			5142.0			128.0			593.0			311.0			856.0			-478.0
87			4			5395.0			207.0			5465.0			492.0			698.0			320.0			735.0			-860.0
87			5			6359.0			447.0			4919.0			507.0			609.0			-881.0			560.0			305.0
87			6			5475.0			380.0			5505.0			-933.0			632.0			312.0			619.0			312.0
87			7			5221.0			286.0			5629.0			-174.0			624.0			-889.0			574.0			305.0
87			8			5351.0			385.0			5099.0			-201.0			595.0			304.0			613.0			-681.0
87			9			5229.0			326.0			5226.0			-598.0			572.0			290.0			617.0			313.0
87			10			5497.0			-562.0			4894.0			183.0			566.0			322.0			584.0			297.0
88			1			5858.0			-231.0			5184.0			-14.0			101.0			40.0			87.0			40.0
88			2			5581.0			198.0			5533.0			-1087.0			78.0			38.0			86.0			57.0
88			3			5587.0			235.0			5335.0			89.0			92.0			45.0			92.0			45.0
88			4			5606.0			273.0			5547.0			-143.0			90.0			54.0			78.0			36.0
88			5			5105.0			-314.0			4987.0			-383.0			90.0			37.0			80.0			37.0
88			6			5793.0			-85.0			5497.0			605.0			101.0			-637.0			83.0			33.0
88			7			5220.0			831.0			4777.0			-232.0			75.0			53.0			83.0			53.0
88			8			5419.0			136.0			5197.0			-160.0			110.0			49.0			117.0			24.0
88			9			5703.0			-649.0			5532.0			184.0			78.0			56.0			76.0			37.0
88			10			5827.0			-467.0			5700.0			280.0			79.0			42.0			82.0			42.0
89			1			4852.0			-96.0			4661.0			-288.0			78.0			34.0			78.0			34.0
89			2			5163.0			30.0			5189.0			17.0			79.0			50.0			72.0			50.0
89			3			5731.0			599.0			4912.0			-565.0			76.0			34.0			74.0			34.0
89			4			4976.0			96.0			4497.0			-303.0			73.0			32.0			74.0			32.0
89			5			5261.0			91.0			5033.0			-358.0			82.0			38.0			84.0			38.0
89			6			4831.0			-202.0			4675.0			19.0			78.0			40.0			85.0			40.0
89			7			4712.0			572.0			4413.0			-488.0			74.0			49.0			84.0			37.0
89			8			4813.0			-129.0			4550.0			1117.0			116.0			48.0			124.0			24.0
89			9			5194.0			141.0			4894.0			553.0			95.0			43.0			78.0			43.0
89			10			4479.0			-588.0			4509.0			180.0			74.0			42.0			71.0			42.0
90			1			4812.0			-348.0			4456.0			458.0			571.0			271.0			568.0			-555.0
90			2			4683.0			360.0			4566.0			-22.0			514.0			282.0			822.0			-1001.0
90			3			5344.0			413.0			4510.0			389.0			564.0			286.0			532.0			-881.0
90			4			4829.0			176.0			4626.0			286.0			524.0			-457.0			506.0			282.0
90			5			4732.0			158.0			4972.0			456.0			630.0			-930.0			568.0			281.0
90			6			5633.0			372.0			5000.0			319.0			967.0			-1341.0			558.0			287.0
90			7			5471.0			492.0			5190.0			-788.0			553.0			268.0			540.0			293.0
90			8			4972.0			-149.0			4528.0			-57.0			523.0			269.0			500.0			288.0
90			9			4635.0			-34.0			4778.0			134.0			511.0			295.0			535.0			-1025.0
90			10			5422.0			172.0			4712.0			485.0			548.0			283.0			568.0			-892.0
91			1			5864.0			84.0			5721.0			435.0			77.0			24.0			71.0			48.0
91			2			6499.0			-218.0			6764.0			-324.0			77.0			24.0			99.0			49.0
91			3			6754.0			-237.0			6998.0			1142.0			100.0			-1194.0			74.0			26.0
91			4			6497.0			-620.0			5754.0			36.0			72.0			36.0			72.0			36.0
91			5			6025.0			637.0			5875.0			-680.0			85.0			39.0			69.0			39.0
91			6			6087.0			743.0			5628.0			204.0			73.0			24.0			81.0			49.0
91			7			5494.0			-463.0			5790.0			190.0			90.0			38.0			74.0			38.0
91			8			5923.0			-671.0			5856.0			761.0			74.0			24.0			70.0			49.0
91			9			6557.0			-101.0			5685.0			-226.0			75.0			38.0			68.0			38.0
91			10			5446.0			17.0			5544.0			-195.0			70.0			26.0			69.0			52.0
92			1			6237.0			-437.0			6383.0			-446.0			99.0			45.0			97.0			68.0
92			2			6239.0			165.0			5714.0			-254.0			103.0			53.0			102.0			53.0
92			3			6524.0			936.0			5752.0			-217.0			101.0			50.0			95.0			50.0
92			4			6579.0			-102.0			6962.0			230.0			100.0			44.0			117.0			-1016.0
92			5			6481.0			809.0			5943.0			-615.0			104.0			48.0			119.0			48.0
92			6			6820.0			-204.0			7075.0			937.0			98.0			51.0			114.0			51.0
92			7			6385.0			-539.0			6919.0			34.0			115.0			46.0			118.0			46.0
92			8			6427.0			-762.0			6355.0			299.0			99.0			52.0			97.0			35.0
92			9			5542.0			3.0			5540.0			-76.0			98.0			51.0			99.0			51.0
92			10			6243.0			-249.0			5329.0			-294.0			91.0			51.0			94.0			25.0
93			1			6598.0			-108.0			5999.0			831.0			80.0			39.0			82.0			39.0
93			2			6118.0			321.0			5964.0			-174.0			75.0			33.0			77.0			44.0
93			3			5773.0			237.0			6246.0			186.0			85.0			41.0			93.0			41.0
93			4			6948.0			505.0			5434.0			-111.0			73.0			34.0			73.0			45.0
93			5			5335.0			169.0			5473.0			213.0			77.0			37.0			71.0			37.0
93			6			5555.0			252.0			5506.0			118.0			73.0			48.0			73.0			48.0
93			7			5697.0			-217.0			5571.0			483.0			76.0			46.0			74.0			23.0
93			8			5447.0			5.0			5489.0			-291.0			75.0			42.0			71.0			42.0
93			9			5263.0			-322.0			5322.0			345.0			81.0			44.0			77.0			29.0
93			10			5581.0			-302.0			5684.0			185.0			78.0			48.0			78.0			32.0
94			1			6956.0			229.0			6440.0			-130.0			89.0			35.0			69.0			35.0
94			2			6232.0			-637.0			6334.0			-516.0			58.0			32.0			61.0			32.0
94			3			6617.0			374.0			6300.0			-157.0			59.0			37.0			56.0			24.0
94			4			6677.0			450.0			6686.0			-293.0			61.0			38.0			79.0			25.0
94			5			6789.0			-394.0			6930.0			226.0			59.0			41.0			62.0			27.0
94			6			6645.0			37.0			6275.0			-392.0			58.0			27.0			56.0			27.0
94			7			6623.0			142.0			6514.0			608.0			57.0			44.0			57.0			22.0
94			8			6540.0			-490.0			6484.0			-412.0			64.0			30.0			57.0			30.0
94			9			6594.0			-265.0			6640.0			355.0			61.0			36.0			58.0			36.0
94			10			6740.0			-445.0			7180.0			190.0			67.0			40.0			59.0			27.0
95			1			6701.0			-297.0			6625.0			300.0			45.0			29.0			45.0			14.0
95			2			6540.0			286.0			6663.0			-10.0			44.0			20.0			47.0			20.0
95			3			7047.0			-416.0			6961.0			662.0			47.0			21.0			45.0			21.0
95			4			6287.0			-887.0			6333.0			20.0			45.0			38.0			50.0			19.0
95			5			6467.0			81.0			6502.0			-512.0			52.0			32.0			43.0			16.0
95			6			6844.0			568.0			6364.0			486.0			60.0			23.0			64.0			-1098.0
95			7			6563.0			676.0			6419.0			-623.0			49.0			33.0			45.0			16.0
95			8			6389.0			815.0			6403.0			116.0			71.0			-962.0			42.0			23.0
95			9			7223.0			493.0			7121.0			342.0			47.0			19.0			44.0			19.0
95			10			7344.0			-94.0			6062.0			-497.0			42.0			18.0			42.0			37.0
96			1			7721.0			-609.0			7671.0			133.0			77.0			22.0			89.0			45.0
96			2			8195.0			353.0			7709.0			-191.0			72.0			25.0			73.0			38.0
96			3			6656.0			267.0			6935.0			14.0			96.0			37.0			73.0			37.0
96			4			8392.0			-633.0			8614.0			301.0			78.0			42.0			72.0			42.0
96			5			7183.0			-870.0			6672.0			54.0			76.0			39.0			76.0			19.0
96			6			7927.0			-109.0			7910.0			142.0			77.0			44.0			70.0			44.0
96			7			7361.0			458.0			7945.0			-205.0			69.0			39.0			68.0			39.0
96			8			7493.0			-124.0			8008.0			513.0			106.0			-829.0			68.0			42.0
96			9			8073.0			376.0			7546.0			565.0			76.0			49.0			73.0			49.0
96			10			7243.0			-1237.0			7558.0			56.0			73.0			38.0			69.0			38.0
97			1			7123.0			-164.0			6962.0			191.0			196.0			102.0			254.0			117.0
97			2			6533.0			-456.0			6886.0			347.0			273.0			-419.0			210.0			111.0
97			3			7024.0			274.0			6249.0			-341.0			197.0			96.0			205.0			116.0
97			4			6431.0			317.0			6243.0			-185.0			205.0			116.0			227.0			116.0
97			5			7335.0			-276.0			7383.0			-132.0			219.0			108.0			237.0			108.0
97			6			7031.0			209.0			6661.0			-950.0			256.0			118.0			208.0			105.0
97			7			6698.0			48.0			6638.0			215.0			220.0			102.0			286.0			-572.0
97			8			6903.0			404.0			6067.0			-306.0			200.0			104.0			207.0			121.0
97			9			6185.0			93.0			6001.0			770.0			234.0			-1100.0			197.0			106.0
97			10			6369.0			834.0			5833.0			-770.0			198.0			100.0			206.0			116.0
98			1			6918.0			-331.0			6779.0			681.0			140.0			-666.0			128.0			73.0
98			2			6983.0			827.0			6769.0			-546.0			145.0			71.0			134.0			71.0
98			3			6771.0			-622.0			6651.0			-191.0			129.0			78.0			128.0			58.0
98			4			7264.0			31.0			7302.0			-116.0			126.0			77.0			138.0			61.0
98			5			6763.0			-343.0			6507.0			87.0			128.0			71.0			145.0			71.0
98			6			6672.0			407.0			6583.0			-7.0			134.0			82.0			130.0			61.0
98			7			7869.0			130.0			6898.0			-363.0			129.0			75.0			128.0			60.0
98			8			7542.0			16.0			6943.0			-69.0			149.0			57.0			140.0			76.0
98			9			7890.0			-570.0			7386.0			462.0			150.0			66.0			148.0			66.0
98			10			8082.0			-467.0			7524.0			-174.0			131.0			79.0			139.0			63.0
99			1			5890.0			-144.0			5931.0			-222.0			19.0			0.0			16.0			10.0
99			2			6920.0			125.0			7227.0			-304.0			23.0			8.0			22.0			8.0
99			3			7237.0			-12.0			6720.0			284.0			16.0			11.0			15.0			0.0
99			4			6406.0			-240.0			6274.0			648.0			19.0			-870.0			15.0			0.0
99			5			6344.0			225.0			6127.0			21.0			17.0			18.0			15.0			0.0
99			6			7283.0			-277.0			6541.0			-20.0			15.0			9.0			15.0			9.0
99			7			7697.0			14.0			7292.0			35.0			20.0			0.0			19.0			14.0
99			8			7491.0			154.0			6678.0			472.0			16.0			0.0			19.0			-707.0
99			9			6332.0			545.0			6711.0			-149.0			21.0			0.0			17.0			16.0
99			10			6796.0			-106.0			7144.0			9.0			17.0			18.0			16.0			0.0
100			1			8929.0			-345.0			8715.0			294.0			53.0			26.0			53.0			26.0
100			2			7869.0			-12.0			7333.0			-500.0			49.0			35.0			48.0			17.0
100			3			7707.0			177.0			8455.0			-53.0			65.0			27.0			53.0			27.0
100			4			8419.0			-107.0			8232.0			523.0			67.0			23.0			61.0			47.0
100			5			8412.0			-803.0			8845.0			343.0			67.0			36.0			67.0			24.0
100			6			8416.0			-43.0			7556.0			-237.0			49.0			30.0			51.0			30.0
100			7			7686.0			71.0			8052.0			411.0			48.0			15.0			48.0			31.0
100			8			9382.0			846.0			9025.0			-60.0			90.0			-704.0			72.0			18.0
100			9			8639.0			-401.0			9465.0			279.0			74.0			30.0			61.0			30.0
100			10			8460.0			-345.0			8502.0			85.0			51.0			29.0			48.0			19.0
