# Generated at Sat Nov 26 15:06:36 BRST 2016
# Conditional compliant
1			1			33.0			2.0			10.0			2.0			2.0			1.0			-			-
1			2			8.0			2.0			5.0			2.0			8.0			1.0			-			-
1			3			7.0			1.0			9.0			1.0			11.0			1.0			-			-
1			4			15.0			1.0			9.0			1.0			0.0			1.0			-			-
1			5			4.0			1.0			3.0			1.0			1.0			1.0			-			-
1			6			7.0			1.0			5.0			1.0			10.0			-58.0			-			-
1			7			4.0			1.0			2.0			1.0			0.0			0.0			-			-
1			8			3.0			1.0			2.0			1.0			0.0			0.0			-			-
1			9			2.0			1.0			2.0			1.0			0.0			0.0			-			-
1			10			1.0			1.0			1.0			1.0			1.0			0.0			-			-
2			1			6.0			3.0			9.0			3.0			1.0			0.0			-			-
2			2			13.0			3.0			6.0			3.0			1.0			0.0			-			-
2			3			7.0			3.0			8.0			3.0			0.0			0.0			-			-
2			4			8.0			3.0			7.0			3.0			1.0			0.0			-			-
2			5			8.0			3.0			16.0			3.0			1.0			0.0			-			-
2			6			12.0			-62.0			7.0			3.0			5.0			0.0			-			-
2			7			4.0			3.0			4.0			3.0			1.0			0.0			-			-
2			8			5.0			3.0			4.0			3.0			0.0			0.0			-			-
2			9			6.0			3.0			4.0			3.0			2.0			0.0			-			-
2			10			4.0			3.0			4.0			3.0			0.0			0.0			-			-
3			1			7.0			3.0			4.0			3.0			2.0			0.0			-			-
3			2			6.0			3.0			4.0			3.0			1.0			0.0			-			-
3			3			4.0			3.0			4.0			3.0			1.0			0.0			-			-
3			4			5.0			3.0			4.0			3.0			1.0			0.0			-			-
3			5			5.0			3.0			4.0			3.0			1.0			0.0			-			-
3			6			6.0			3.0			3.0			3.0			1.0			0.0			-			-
3			7			5.0			3.0			4.0			3.0			1.0			0.0			-			-
3			8			7.0			3.0			6.0			3.0			1.0			0.0			-			-
3			9			4.0			3.0			4.0			3.0			1.0			0.0			-			-
3			10			4.0			3.0			11.0			-127.0			0.0			0.0			-			-
4			1			10.0			6.0			6.0			6.0			1.0			0.0			-			-
4			2			6.0			6.0			5.0			6.0			1.0			0.0			-			-
4			3			6.0			6.0			5.0			6.0			2.0			0.0			-			-
4			4			5.0			6.0			5.0			6.0			1.0			0.0			-			-
4			5			7.0			6.0			5.0			6.0			1.0			0.0			-			-
4			6			6.0			6.0			7.0			6.0			1.0			0.0			-			-
4			7			6.0			6.0			6.0			6.0			1.0			0.0			-			-
4			8			6.0			6.0			6.0			6.0			1.0			0.0			-			-
4			9			7.0			6.0			15.0			-123.0			1.0			1.0			-			-
4			10			6.0			6.0			6.0			6.0			2.0			1.0			-			-
5			1			9.0			6.0			8.0			6.0			1.0			1.0			-			-
5			2			9.0			6.0			8.0			6.0			1.0			1.0			-			-
5			3			8.0			6.0			9.0			6.0			2.0			1.0			-			-
5			4			8.0			6.0			8.0			6.0			1.0			1.0			-			-
5			5			7.0			6.0			7.0			6.0			2.0			1.0			-			-
5			6			12.0			6.0			8.0			6.0			1.0			1.0			-			-
5			7			8.0			6.0			7.0			6.0			0.0			1.0			-			-
5			8			8.0			6.0			8.0			6.0			3.0			1.0			-			-
5			9			9.0			6.0			7.0			6.0			1.0			1.0			-			-
5			10			13.0			6.0			8.0			6.0			1.0			1.0			-			-
6			1			12.0			10.0			10.0			10.0			0.0			1.0			-			-
6			2			11.0			10.0			9.0			10.0			1.0			1.0			-			-
6			3			9.0			10.0			9.0			10.0			1.0			1.0			-			-
6			4			14.0			-252.0			8.0			10.0			0.0			1.0			-			-
6			5			8.0			10.0			9.0			10.0			0.0			1.0			-			-
6			6			9.0			10.0			8.0			10.0			1.0			1.0			-			-
6			7			9.0			10.0			8.0			10.0			0.0			1.0			-			-
6			8			8.0			10.0			8.0			10.0			1.0			1.0			-			-
6			9			8.0			10.0			10.0			10.0			0.0			1.0			-			-
6			10			8.0			10.0			8.0			10.0			1.0			1.0			-			-
7			1			8.0			9.0			8.0			9.0			0.0			1.0			-			-
7			2			10.0			9.0			8.0			9.0			0.0			1.0			-			-
7			3			8.0			9.0			9.0			9.0			0.0			1.0			-			-
7			4			8.0			9.0			8.0			9.0			1.0			1.0			-			-
7			5			8.0			9.0			15.0			-252.0			1.0			2.0			-			-
7			6			9.0			10.0			9.0			10.0			1.0			2.0			-			-
7			7			9.0			10.0			9.0			10.0			1.0			2.0			-			-
7			8			8.0			10.0			8.0			10.0			1.0			2.0			-			-
7			9			16.0			10.0			8.0			10.0			0.0			2.0			-			-
7			10			14.0			10.0			8.0			10.0			1.0			2.0			-			-
8			1			14.0			15.0			12.0			15.0			1.0			2.0			-			-
8			2			13.0			15.0			15.0			15.0			1.0			2.0			-			-
8			3			13.0			15.0			13.0			15.0			1.0			2.0			-			-
8			4			14.0			15.0			13.0			15.0			1.0			2.0			-			-
8			5			13.0			15.0			13.0			15.0			1.0			2.0			-			-
8			6			13.0			15.0			13.0			15.0			1.0			2.0			-			-
8			7			13.0			15.0			13.0			15.0			1.0			2.0			-			-
8			8			13.0			15.0			15.0			15.0			2.0			2.0			-			-
8			9			16.0			15.0			16.0			15.0			2.0			2.0			-			-
8			10			14.0			15.0			14.0			15.0			2.0			2.0			-			-
9			1			15.0			15.0			14.0			15.0			8.0			-523.0			-			-
9			2			14.0			15.0			13.0			15.0			2.0			2.0			-			-
9			3			13.0			15.0			14.0			15.0			1.0			2.0			-			-
9			4			13.0			15.0			14.0			15.0			1.0			2.0			-			-
9			5			13.0			15.0			14.0			15.0			2.0			2.0			-			-
9			6			13.0			15.0			13.0			15.0			2.0			2.0			-			-
9			7			14.0			15.0			14.0			15.0			1.0			2.0			-			-
9			8			22.0			15.0			17.0			15.0			2.0			2.0			-			-
9			9			17.0			15.0			16.0			15.0			2.0			2.0			-			-
9			10			24.0			15.0			14.0			15.0			1.0			2.0			-			-
10			1			18.0			18.0			17.0			18.0			1.0			2.0			-			-
10			2			15.0			18.0			16.0			18.0			1.0			2.0			-			-
10			3			16.0			18.0			15.0			18.0			1.0			2.0			-			-
10			4			15.0			18.0			16.0			18.0			1.0			2.0			-			-
10			5			15.0			18.0			18.0			-508.0			0.0			7.0			-			-
10			6			16.0			21.0			15.0			21.0			1.0			7.0			-			-
10			7			16.0			21.0			15.0			21.0			1.0			7.0			-			-
10			8			16.0			21.0			15.0			21.0			1.0			7.0			-			-
10			9			15.0			21.0			16.0			21.0			1.0			7.0			-			-
10			10			16.0			21.0			15.0			21.0			0.0			7.0			-			-
11			1			33.0			35.0			33.0			35.0			3.0			7.0			-			-
11			2			37.0			35.0			35.0			35.0			3.0			7.0			-			-
11			3			43.0			35.0			32.0			35.0			3.0			7.0			-			-
11			4			34.0			35.0			35.0			35.0			3.0			7.0			-			-
11			5			36.0			35.0			35.0			35.0			3.0			7.0			-			-
11			6			35.0			35.0			34.0			35.0			3.0			7.0			-			-
11			7			35.0			35.0			35.0			35.0			3.0			7.0			-			-
11			8			37.0			35.0			36.0			35.0			4.0			7.0			-			-
11			9			37.0			35.0			35.0			35.0			3.0			7.0			-			-
11			10			36.0			35.0			39.0			-1023.0			2.0			5.0			-			-
12			1			29.0			31.0			29.0			31.0			3.0			5.0			-			-
12			2			29.0			31.0			28.0			31.0			4.0			5.0			-			-
12			3			28.0			31.0			28.0			31.0			4.0			5.0			-			-
12			4			31.0			31.0			30.0			31.0			4.0			5.0			-			-
12			5			29.0			31.0			28.0			31.0			3.0			5.0			-			-
12			6			29.0			31.0			29.0			31.0			4.0			5.0			-			-
12			7			32.0			31.0			32.0			31.0			4.0			5.0			-			-
12			8			48.0			31.0			31.0			31.0			3.0			5.0			-			-
12			9			51.0			31.0			29.0			31.0			3.0			5.0			-			-
12			10			31.0			31.0			31.0			31.0			4.0			5.0			-			-
13			1			29.0			26.0			25.0			26.0			2.0			5.0			-			-
13			2			23.0			26.0			24.0			26.0			1.0			5.0			-			-
13			3			23.0			26.0			23.0			26.0			1.0			5.0			-			-
13			4			24.0			26.0			23.0			26.0			1.0			5.0			-			-
13			5			24.0			26.0			23.0			26.0			2.0			5.0			-			-
13			6			24.0			26.0			27.0			-1028.0			2.0			6.0			-			-
13			7			23.0			27.0			23.0			27.0			1.0			6.0			-			-
13			8			24.0			27.0			25.0			28.0			2.0			6.0			-			-
13			9			23.0			27.0			22.0			27.0			2.0			6.0			-			-
13			10			23.0			27.0			23.0			27.0			1.0			6.0			-			-
14			1			40.0			48.0			40.0			48.0			3.0			6.0			-			-
14			2			41.0			48.0			41.0			48.0			3.0			6.0			-			-
14			3			43.0			48.0			41.0			48.0			3.0			6.0			-			-
14			4			42.0			48.0			41.0			48.0			3.0			6.0			-			-
14			5			42.0			48.0			42.0			48.0			3.0			6.0			-			-
14			6			42.0			48.0			42.0			48.0			3.0			6.0			-			-
14			7			41.0			48.0			41.0			48.0			3.0			6.0			-			-
14			8			48.0			48.0			45.0			48.0			3.0			6.0			-			-
14			9			46.0			48.0			47.0			48.0			3.0			6.0			-			-
14			10			64.0			48.0			44.0			48.0			3.0			6.0			-			-
15			1			35.0			-1348.0			28.0			39.0			1.0			6.0			-			-
15			2			31.0			39.0			30.0			39.0			1.0			6.0			-			-
15			3			33.0			39.0			40.0			39.0			2.0			6.0			-			-
15			4			31.0			39.0			31.0			39.0			1.0			6.0			-			-
15			5			31.0			39.0			29.0			39.0			1.0			6.0			-			-
15			6			32.0			39.0			30.0			39.0			2.0			6.0			-			-
15			7			31.0			39.0			31.0			39.0			1.0			6.0			-			-
15			8			32.0			39.0			30.0			32.0			1.0			6.0			-			-
15			9			31.0			39.0			30.0			39.0			1.0			6.0			-			-
15			10			52.0			39.0			35.0			39.0			1.0			6.0			-			-
16			1			39.0			46.0			44.0			46.0			2.0			6.0			-			-
16			2			51.0			46.0			35.0			46.0			1.0			6.0			-			-
16			3			43.0			46.0			37.0			46.0			1.0			6.0			-			-
16			4			36.0			46.0			36.0			46.0			1.0			6.0			-			-
16			5			35.0			46.0			36.0			-1272.0			1.0			6.0			-			-
16			6			35.0			43.0			40.0			43.0			1.0			6.0			-			-
16			7			37.0			43.0			35.0			43.0			2.0			6.0			-			-
16			8			34.0			43.0			34.0			43.0			1.0			6.0			-			-
16			9			35.0			43.0			37.0			43.0			1.0			6.0			-			-
16			10			36.0			43.0			35.0			43.0			1.0			6.0			-			-
17			1			35.0			43.0			35.0			43.0			2.0			6.0			-			-
17			2			60.0			43.0			39.0			43.0			3.0			6.0			-			-
17			3			38.0			43.0			37.0			43.0			2.0			6.0			-			-
17			4			51.0			43.0			39.0			43.0			2.0			6.0			-			-
17			5			38.0			43.0			36.0			43.0			2.0			6.0			-			-
17			6			37.0			43.0			35.0			43.0			1.0			6.0			-			-
17			7			36.0			43.0			35.0			43.0			2.0			6.0			-			-
17			8			35.0			43.0			38.0			-1214.0			2.0			5.0			-			-
17			9			35.0			41.0			38.0			41.0			2.0			5.0			-			-
17			10			36.0			41.0			34.0			41.0			2.0			5.0			-			-
18			1			79.0			59.0			53.0			59.0			3.0			5.0			-			-
18			2			47.0			59.0			47.0			59.0			2.0			5.0			-			-
18			3			48.0			59.0			47.0			59.0			3.0			5.0			-			-
18			4			48.0			59.0			48.0			59.0			3.0			5.0			-			-
18			5			49.0			59.0			60.0			59.0			3.0			5.0			-			-
18			6			51.0			59.0			48.0			59.0			2.0			5.0			-			-
18			7			47.0			59.0			46.0			59.0			3.0			5.0			-			-
18			8			50.0			59.0			48.0			-1138.0			3.0			5.0			-			-
18			9			46.0			56.0			48.0			56.0			2.0			5.0			-			-
18			10			60.0			56.0			47.0			56.0			3.0			5.0			-			-
19			1			72.0			85.0			72.0			85.0			5.0			5.0			-			-
19			2			71.0			85.0			70.0			85.0			5.0			5.0			-			-
19			3			74.0			85.0			71.0			85.0			4.0			5.0			-			-
19			4			74.0			85.0			72.0			85.0			5.0			5.0			-			-
19			5			74.0			85.0			75.0			-1057.0			4.0			5.0			-			-
19			6			100.0			81.0			72.0			81.0			5.0			5.0			-			-
19			7			74.0			81.0			73.0			81.0			4.0			5.0			-			-
19			8			72.0			81.0			71.0			81.0			5.0			5.0			-			-
19			9			76.0			81.0			75.0			81.0			7.0			5.0			-			-
19			10			77.0			81.0			73.0			81.0			5.0			5.0			-			-
20			1			51.0			59.0			49.0			59.0			5.0			5.0			-			-
20			2			52.0			-1028.0			47.0			62.0			5.0			6.0			-			-
20			3			49.0			62.0			49.0			62.0			6.0			6.0			-			-
20			4			49.0			62.0			48.0			62.0			6.0			6.0			-			-
20			5			50.0			62.0			49.0			62.0			6.0			6.0			-			-
20			6			50.0			62.0			50.0			62.0			6.0			6.0			-			-
20			7			49.0			62.0			50.0			62.0			6.0			6.0			-			-
20			8			50.0			62.0			52.0			62.0			5.0			6.0			-			-
20			9			49.0			62.0			51.0			62.0			11.0			-1028.0			-			-
20			10			51.0			59.0			50.0			59.0			6.0			6.0			-			-
21			1			63.0			72.0			64.0			72.0			5.0			6.0			-			-
21			2			64.0			72.0			63.0			72.0			4.0			6.0			-			-
21			3			65.0			72.0			65.0			72.0			4.0			6.0			-			-
21			4			64.0			72.0			62.0			72.0			4.0			6.0			-			-
21			5			62.0			72.0			64.0			72.0			4.0			6.0			-			-
21			6			63.0			72.0			61.0			-915.0			4.0			6.0			-			-
21			7			64.0			75.0			66.0			75.0			6.0			6.0			-			-
21			8			64.0			75.0			61.0			75.0			5.0			6.0			-			-
21			9			62.0			75.0			63.0			75.0			4.0			6.0			-			-
21			10			63.0			75.0			61.0			75.0			4.0			6.0			-			-
22			1			103.0			119.0			102.0			-821.0			4.0			5.0			-			-
22			2			101.0			119.0			102.0			119.0			4.0			5.0			-			-
22			3			104.0			119.0			116.0			119.0			5.0			5.0			-			-
22			4			114.0			119.0			94.0			119.0			4.0			5.0			-			-
22			5			97.0			117.0			88.0			119.0			4.0			5.0			-			-
22			6			100.0			119.0			98.0			119.0			5.0			5.0			-			-
22			7			104.0			119.0			97.0			119.0			5.0			5.0			-			-
22			8			97.0			119.0			111.0			-739.0			4.0			5.0			-			-
22			9			97.0			119.0			97.0			119.0			5.0			5.0			-			-
22			10			96.0			119.0			96.0			119.0			4.0			5.0			-			-
23			1			92.0			119.0			90.0			119.0			2.0			5.0			-			-
23			2			95.0			-700.0			91.0			119.0			1.0			5.0			-			-
23			3			93.0			119.0			95.0			119.0			1.0			5.0			-			-
23			4			114.0			119.0			96.0			119.0			2.0			5.0			-			-
23			5			100.0			-660.0			90.0			118.0			2.0			4.0			-			-
23			6			100.0			118.0			94.0			118.0			2.0			4.0			-			-
23			7			97.0			118.0			94.0			118.0			1.0			4.0			-			-
23			8			97.0			-625.0			88.0			118.0			1.0			4.0			-			-
23			9			106.0			118.0			91.0			118.0			2.0			4.0			-			-
23			10			98.0			118.0			93.0			118.0			2.0			4.0			-			-
24			1			169.0			-554.0			161.0			153.0			64.0			31.0			-			-
24			2			182.0			153.0			185.0			153.0			63.0			31.0			-			-
24			3			180.0			-522.0			174.0			155.0			57.0			34.0			-			-
24			4			192.0			155.0			194.0			155.0			68.0			-604.0			-			-
24			5			188.0			156.0			179.0			152.0			53.0			32.0			-			-
24			6			180.0			152.0			185.0			-462.0			55.0			31.0			-			-
24			7			177.0			153.0			196.0			153.0			53.0			31.0			-			-
24			8			188.0			153.0			172.0			-435.0			51.0			33.0			-			-
24			9			175.0			157.0			190.0			154.0			53.0			33.0			-			-
24			10			176.0			-410.0			165.0			154.0			53.0			32.0			-			-
25			1			119.0			136.0			116.0			-401.0			5.0			3.0			-			-
25			2			116.0			137.0			122.0			137.0			6.0			3.0			-			-
25			3			124.0			137.0			124.0			-379.0			6.0			3.0			-			-
25			4			114.0			137.0			114.0			134.0			6.0			3.0			-			-
25			5			117.0			-356.0			112.0			135.0			6.0			3.0			-			-
25			6			115.0			138.0			117.0			135.0			5.0			3.0			-			-
25			7			121.0			-334.0			122.0			135.0			6.0			3.0			-			-
25			8			127.0			138.0			118.0			-315.0			6.0			2.0			-			-
25			9			116.0			138.0			114.0			135.0			5.0			2.0			-			-
25			10			113.0			-295.0			107.0			137.0			6.0			5.0			-			-
26			1			111.0			134.0			114.0			-278.0			3.0			2.0			-			-
26			2			120.0			134.0			114.0			134.0			3.0			2.0			-			-
26			3			114.0			-261.0			109.0			133.0			3.0			2.0			-			-
26			4			130.0			133.0			116.0			-245.0			3.0			2.0			-			-
26			5			116.0			133.0			129.0			-227.0			3.0			2.0			-			-
26			6			113.0			134.0			118.0			134.0			3.0			2.0			-			-
26			7			107.0			-214.0			116.0			133.0			3.0			2.0			-			-
26			8			136.0			-198.0			108.0			134.0			3.0			2.0			-			-
26			9			115.0			-186.0			112.0			135.0			3.0			2.0			-			-
26			10			124.0			135.0			131.0			-174.0			3.0			1.0			-			-
27			1			144.0			166.0			136.0			-128.0			3.0			1.0			-			-
27			2			136.0			-115.0			132.0			166.0			3.0			1.0			-			-
27			3			134.0			-105.0			138.0			-94.0			3.0			1.0			-			-
27			4			151.0			166.0			144.0			-84.0			4.0			3.0			-			-
27			5			145.0			-74.0			147.0			165.0			3.0			3.0			-			-
27			6			143.0			-66.0			136.0			-113.0			3.0			2.0			-			-
27			7			146.0			168.0			154.0			-173.0			4.0			2.0			-			-
27			8			137.0			167.0			140.0			167.0			3.0			2.0			-			-
27			9			134.0			-245.0			132.0			166.0			4.0			3.0			-			-
27			10			141.0			166.0			138.0			-333.0			3.0			3.0			-			-
28			1			205.0			200.0			178.0			-276.0			5.0			3.0			-			-
28			2			176.0			201.0			186.0			-254.0			5.0			2.0			-			-
28			3			166.0			200.0			175.0			-234.0			5.0			2.0			-			-
28			4			212.0			200.0			180.0			-213.0			6.0			2.0			-			-
28			5			169.0			202.0			170.0			-198.0			5.0			5.0			-			-
28			6			170.0			201.0			186.0			-181.0			5.0			4.0			-			-
28			7			169.0			203.0			174.0			-166.0			5.0			4.0			-			-
28			8			163.0			201.0			163.0			-152.0			5.0			4.0			-			-
28			9			189.0			-133.0			175.0			200.0			5.0			4.0			-			-
28			10			173.0			-122.0			175.0			-109.0			6.0			3.0			-			-
29			1			202.0			218.0			195.0			-79.0			6.0			3.0			-			-
29			2			261.0			-68.0			184.0			-55.0			5.0			3.0			-			-
29			3			183.0			-41.0			179.0			219.0			5.0			4.0			-			-
29			4			178.0			-97.0			185.0			-84.0			6.0			4.0			-			-
29			5			189.0			218.0			191.0			-145.0			5.0			4.0			-			-
29			6			183.0			-129.0			189.0			218.0			5.0			4.0			-			-
29			7			191.0			-114.0			195.0			-100.0			4.0			4.0			-			-
29			8			190.0			217.0			174.0			-89.0			5.0			3.0			-			-
29			9			181.0			-75.0			179.0			-64.0			5.0			3.0			-			-
29			10			196.0			-51.0			184.0			217.0			5.0			4.0			-			-
30			1			204.0			-89.0			184.0			-153.0			4.0			2.0			-			-
30			2			182.0			237.0			181.0			-137.0			4.0			2.0			-			-
30			3			195.0			-120.0			175.0			239.0			4.0			2.0			-			-
30			4			179.0			-106.0			182.0			-92.0			4.0			2.0			-			-
30			5			182.0			238.0			180.0			-78.0			5.0			2.0			-			-
30			6			184.0			-65.0			188.0			-53.0			4.0			1.0			-			-
30			7			201.0			-40.0			192.0			-31.0			3.0			2.0			-			-
30			8			193.0			239.0			182.0			-84.0			4.0			3.0			-			-
30			9			183.0			-70.0			184.0			-131.0			4.0			2.0			-			-
30			10			190.0			238.0			186.0			-207.0			4.0			5.0			-			-
31			1			189.0			220.0			174.0			220.0			17.0			10.0			-			-
31			2			184.0			-319.0			173.0			219.0			16.0			12.0			-			-
31			3			184.0			-423.0			172.0			216.0			17.0			10.0			-			-
31			4			181.0			221.0			181.0			221.0			17.0			10.0			-			-
31			5			181.0			-553.0			169.0			222.0			17.0			12.0			-			-
31			6			186.0			222.0			191.0			216.0			18.0			12.0			-			-
31			7			178.0			-709.0			174.0			218.0			17.0			11.0			-			-
31			8			177.0			218.0			185.0			218.0			20.0			11.0			-			-
31			9			195.0			-666.0			175.0			219.0			16.0			11.0			-			-
31			10			180.0			219.0			183.0			-624.0			16.0			10.0			-			-
32			1			190.0			241.0			190.0			241.0			3.0			5.0			-			-
32			2			201.0			241.0			209.0			-567.0			3.0			5.0			-			-
32			3			213.0			240.0			209.0			240.0			3.0			5.0			-			-
32			4			197.0			-528.0			200.0			239.0			3.0			4.0			-			-
32			5			198.0			239.0			191.0			-491.0			4.0			4.0			-			-
32			6			194.0			242.0			197.0			242.0			3.0			4.0			-			-
32			7			212.0			-459.0			184.0			240.0			3.0			4.0			-			-
32			8			207.0			-428.0			189.0			242.0			4.0			4.0			-			-
32			9			194.0			242.0			219.0			-396.0			3.0			4.0			-			-
32			10			201.0			239.0			196.0			-368.0			4.0			3.0			-			-
33			1			206.0			236.0			185.0			236.0			1.0			3.0			-			-
33			2			195.0			-343.0			180.0			237.0			1.0			3.0			-			-
33			3			194.0			-318.0			197.0			237.0			1.0			3.0			-			-
33			4			187.0			-295.0			201.0			237.0			2.0			3.0			-			-
33			5			216.0			-272.0			180.0			236.0			1.0			3.0			-			-
33			6			186.0			-248.0			178.0			235.0			1.0			3.0			-			-
33			7			201.0			-227.0			190.0			237.0			1.0			2.0			-			-
33			8			183.0			-206.0			176.0			235.0			1.0			2.0			-			-
33			9			200.0			-189.0			195.0			236.0			1.0			2.0			-			-
33			10			206.0			-172.0			187.0			-155.0			1.0			2.0			-			-
34			1			264.0			296.0			240.0			-76.0			5.0			4.0			-			-
34			2			241.0			-61.0			258.0			-46.0			6.0			5.0			-			-
34			3			267.0			-114.0			243.0			295.0			5.0			5.0			-			-
34			4			265.0			295.0			238.0			-82.0			6.0			4.0			-			-
34			5			240.0			-64.0			250.0			-51.0			6.0			5.0			-			-
34			6			252.0			295.0			250.0			-121.0			5.0			5.0			-			-
34			7			237.0			-103.0			232.0			-86.0			6.0			4.0			-			-
34			8			254.0			-68.0			233.0			-53.0			5.0			4.0			-			-
34			9			253.0			296.0			257.0			-41.0			6.0			3.0			-			-
34			10			244.0			-25.0			247.0			-90.0			5.0			3.0			-			-
35			1			338.0			-67.0			311.0			391.0			6.0			5.0			-			-
35			2			352.0			-169.0			342.0			-142.0			8.0			3.0			-			-
35			3			357.0			-115.0			318.0			391.0			11.0			-482.0			-			-
35			4			329.0			392.0			324.0			-76.0			7.0			5.0			-			-
35			5			341.0			-54.0			340.0			-36.0			7.0			5.0			-			-
35			6			330.0			-15.0			334.0			0.0			7.0			5.0			-			-
35			7			323.0			18.0			319.0			32.0			7.0			4.0			-			-
35			8			323.0			48.0			309.0			-23.0			7.0			3.0			-			-
35			9			327.0			-101.0			322.0			-204.0			6.0			4.0			-			-
35			10			325.0			391.0			330.0			-322.0			7.0			8.0			-			-
36			1			292.0			352.0			283.0			352.0			6.0			8.0			-			-
36			2			280.0			361.0			274.0			361.0			6.0			10.0			-			-
36			3			285.0			-673.0			274.0			356.0			6.0			7.0			-			-
36			4			283.0			356.0			285.0			356.0			6.0			3.0			-			-
36			5			277.0			354.0			305.0			354.0			6.0			11.0			-			-
36			6			322.0			354.0			307.0			-754.0			6.0			7.0			-			-
36			7			304.0			352.0			286.0			-696.0			6.0			6.0			-			-
36			8			292.0			356.0			285.0			356.0			6.0			6.0			-			-
36			9			299.0			-652.0			299.0			352.0			6.0			6.0			-			-
36			10			322.0			352.0			303.0			-608.0			6.0			6.0			-			-
37			1			283.0			323.0			324.0			329.0			9.0			6.0			-			-
37			2			274.0			-591.0			268.0			326.0			9.0			5.0			-			-
37			3			259.0			-546.0			254.0			327.0			9.0			5.0			-			-
37			4			302.0			327.0			263.0			-509.0			10.0			5.0			-			-
37			5			292.0			328.0			254.0			-467.0			8.0			5.0			-			-
37			6			256.0			328.0			262.0			-429.0			9.0			4.0			-			-
37			7			297.0			328.0			266.0			328.0			9.0			4.0			-			-
37			8			265.0			-399.0			260.0			327.0			9.0			9.0			-			-
37			9			260.0			-364.0			241.0			325.0			9.0			8.0			-			-
37			10			248.0			-334.0			245.0			-300.0			9.0			8.0			-			-
38			1			373.0			445.0			349.0			-159.0			12.0			7.0			-			-
38			2			359.0			-132.0			365.0			-106.0			11.0			8.0			-			-
38			3			380.0			443.0			381.0			-213.0			12.0			10.0			-			-
38			4			431.0			-339.0			338.0			443.0			12.0			6.0			-			-
38			5			381.0			443.0			354.0			-506.0			12.0			7.0			-			-
38			6			384.0			448.0			366.0			-690.0			12.0			8.0			-			-
38			7			360.0			449.0			372.0			441.0			12.0			8.0			-			-
38			8			376.0			-758.0			366.0			444.0			12.0			7.0			-			-
38			9			377.0			-701.0			351.0			445.0			12.0			7.0			-			-
38			10			380.0			445.0			391.0			-651.0			11.0			6.0			-			-
39			1			358.0			445.0			355.0			-596.0			6.0			6.0			-			-
39			2			358.0			444.0			358.0			-547.0			5.0			6.0			-			-
39			3			362.0			442.0			352.0			-503.0			5.0			6.0			-			-
39			4			360.0			446.0			404.0			-455.0			6.0			5.0			-			-
39			5			397.0			442.0			406.0			-414.0			5.0			5.0			-			-
39			6			390.0			444.0			374.0			-376.0			5.0			5.0			-			-
39			7			392.0			444.0			371.0			-343.0			6.0			4.0			-			-
39			8			380.0			-303.0			378.0			443.0			6.0			4.0			-			-
39			9			361.0			-272.0			337.0			441.0			5.0			4.0			-			-
39			10			354.0			442.0			347.0			-207.0			5.0			4.0			-			-
40			1			339.0			-192.0			324.0			427.0			5.0			3.0			-			-
40			2			322.0			-168.0			316.0			-139.0			5.0			3.0			-			-
40			3			344.0			-112.0			317.0			428.0			5.0			3.0			-			-
40			4			331.0			426.0			325.0			-66.0			5.0			3.0			-			-
40			5			328.0			-163.0			309.0			429.0			5.0			4.0			-			-
40			6			320.0			-289.0			317.0			-253.0			5.0			4.0			-			-
40			7			329.0			430.0			325.0			-222.0			4.0			4.0			-			-
40			8			330.0			-192.0			307.0			428.0			4.0			3.0			-			-
40			9			317.0			-169.0			324.0			-140.0			4.0			3.0			-			-
40			10			327.0			-111.0			319.0			-91.0			4.0			3.0			-			-
41			1			469.0			72.0			454.0			93.0			25.0			15.0			-			-
41			2			465.0			-2.0			443.0			-113.0			25.0			16.0			-			-
41			3			469.0			568.0			462.0			-249.0			26.0			19.0			-			-
41			4			522.0			-409.0			430.0			572.0			24.0			15.0			-			-
41			5			461.0			-574.0			431.0			567.0			25.0			15.0			-			-
41			6			465.0			-607.0			436.0			570.0			25.0			15.0			-			-
41			7			445.0			-557.0			448.0			565.0			24.0			14.0			-			-
41			8			440.0			-500.0			451.0			565.0			24.0			13.0			-			-
41			9			438.0			-455.0			455.0			-399.0			25.0			18.0			-			-
41			10			456.0			570.0			447.0			-359.0			25.0			17.0			-			-
42			1			422.0			520.0			419.0			-370.0			8.0			5.0			-			-
42			2			471.0			-322.0			411.0			521.0			7.0			6.0			-			-
42			3			459.0			-493.0			416.0			516.0			6.0			6.0			-			-
42			4			448.0			-448.0			422.0			516.0			7.0			6.0			-			-
42			5			423.0			-402.0			431.0			-359.0			7.0			5.0			-			-
42			6			475.0			520.0			443.0			-322.0			7.0			5.0			-			-
42			7			426.0			517.0			414.0			-283.0			8.0			5.0			-			-
42			8			424.0			-244.0			413.0			-211.0			7.0			4.0			-			-
42			9			443.0			519.0			407.0			-176.0			7.0			4.0			-			-
42			10			426.0			-141.0			418.0			-111.0			7.0			4.0			-			-
43			1			508.0			-20.0			482.0			1.0			21.0			13.0			-			-
43			2			539.0			-106.0			514.0			583.0			23.0			13.0			-			-
43			3			494.0			582.0			466.0			-50.0			21.0			12.0			-			-
43			4			495.0			-20.0			471.0			1.0			21.0			13.0			-			-
43			5			525.0			-110.0			477.0			-247.0			20.0			13.0			-			-
43			6			522.0			579.0			503.0			-414.0			21.0			11.0			-			-
43			7			497.0			582.0			493.0			-536.0			21.0			14.0			-			-
43			8			553.0			583.0			513.0			-486.0			21.0			13.0			-			-
43			9			574.0			-430.0			492.0			581.0			22.0			12.0			-			-
43			10			497.0			-389.0			467.0			-341.0			20.0			11.0			-			-
44			1			555.0			587.0			509.0			-293.0			14.0			11.0			-			-
44			2			494.0			-247.0			481.0			587.0			15.0			10.0			-			-
44			3			473.0			-215.0			461.0			-176.0			14.0			9.0			-			-
44			4			501.0			-136.0			481.0			-105.0			15.0			8.0			-			-
44			5			525.0			-72.0			485.0			-42.0			14.0			10.0			-			-
44			6			555.0			589.0			493.0			-175.0			15.0			14.0			-			-
44			7			510.0			-140.0			484.0			-109.0			14.0			8.0			-			-
44			8			498.0			-75.0			475.0			-43.0			15.0			8.0			-			-
44			9			487.0			-15.0			483.0			15.0			14.0			9.0			-			-
44			10			493.0			-103.0			473.0			591.0			15.0			8.0			-			-
45			1			545.0			-171.0			537.0			-140.0			24.0			15.0			-			-
45			2			580.0			-94.0			590.0			-69.0			24.0			13.0			-			-
45			3			643.0			-27.0			576.0			0.0			25.0			12.0			-			-
45			4			612.0			32.0			573.0			55.0			25.0			15.0			-			-
45			5			594.0			86.0			577.0			-414.0			24.0			15.0			-			-
45			6			591.0			159.0			672.0			9.0			27.0			13.0			-			-
45			7			610.0			-234.0			531.0			242.0			23.0			15.0			-			-
45			8			540.0			159.0			510.0			52.0			23.0			14.0			-			-
45			9			522.0			-59.0			519.0			-31.0			22.0			13.0			-			-
45			10			528.0			0.0			517.0			-565.0			23.0			17.0			-			-
46			1			1273.0			395.0			1154.0			-128.0			96.0			55.0			-			-
46			2			1193.0			-160.0			1139.0			276.0			92.0			58.0			-			-
46			3			1155.0			118.0			1159.0			-38.0			99.0			60.0			-			-
46			4			1179.0			-44.0			1154.0			-223.0			96.0			55.0			-			-
46			5			1211.0			-158.0			1142.0			-106.0			97.0			54.0			-			-
46			6			1216.0			-55.0			1142.0			-14.0			96.0			55.0			-			-
46			7			1235.0			30.0			1116.0			65.0			92.0			55.0			-			-
46			8			1157.0			121.0			1127.0			144.0			99.0			56.0			-			-
46			9			1370.0			246.0			1287.0			184.0			99.0			54.0			-			-
46			10			1179.0			178.0			1124.0			-22.0			101.0			54.0			-			-
47			1			613.0			-299.0			588.0			-302.0			17.0			8.0			-			-
47			2			684.0			732.0			758.0			-476.0			16.0			12.0			-			-
47			3			624.0			736.0			581.0			-479.0			15.0			15.0			-			-
47			4			613.0			-419.0			610.0			723.0			17.0			14.0			-			-
47			5			605.0			-372.0			592.0			-313.0			16.0			13.0			-			-
47			6			670.0			-262.0			582.0			729.0			15.0			12.0			-			-
47			7			603.0			-223.0			579.0			-183.0			16.0			11.0			-			-
47			8			593.0			-135.0			589.0			-96.0			16.0			10.0			-			-
47			9			628.0			-53.0			604.0			-21.0			16.0			9.0			-			-
47			10			667.0			13.0			593.0			41.0			18.0			8.0			-			-
48			1			1365.0			-129.0			1311.0			411.0			80.0			52.0			-			-
48			2			1346.0			156.0			1314.0			135.0			84.0			45.0			-			-
48			3			1308.0			-3.0			1248.0			-92.0			82.0			48.0			-			-
48			4			1313.0			-67.0			1278.0			-196.0			80.0			50.0			-			-
48			5			1337.0			-119.0			1267.0			-85.0			79.0			45.0			-			-
48			6			1309.0			-13.0			1338.0			26.0			86.0			48.0			-			-
48			7			1369.0			95.0			1331.0			120.0			94.0			-881.0			-			-
48			8			1449.0			223.0			1310.0			246.0			81.0			49.0			-			-
48			9			1367.0			-448.0			1383.0			97.0			87.0			54.0			-			-
48			10			1412.0			80.0			1357.0			14.0			82.0			51.0			-			-
49			1			674.0			-349.0			595.0			760.0			23.0			13.0			-			-
49			2			669.0			-551.0			604.0			760.0			22.0			17.0			-			-
49			3			616.0			-553.0			613.0			-486.0			22.0			15.0			-			-
49			4			644.0			762.0			610.0			-431.0			23.0			15.0			-			-
49			5			630.0			-376.0			599.0			758.0			22.0			14.0			-			-
49			6			621.0			-329.0			583.0			-274.0			22.0			13.0			-			-
49			7			642.0			-226.0			583.0			753.0			24.0			12.0			-			-
49			8			583.0			-187.0			583.0			-144.0			22.0			17.0			-			-
49			9			615.0			-99.0			579.0			-66.0			22.0			15.0			-			-
49			10			610.0			-23.0			590.0			13.0			22.0			14.0			-			-
50			1			771.0			-411.0			746.0			174.0			13.0			7.0			-			-
50			2			775.0			206.0			816.0			238.0			12.0			6.0			-			-
50			3			758.0			-392.0			740.0			338.0			18.0			-597.0			-			-
50			4			808.0			391.0			793.0			-372.0			12.0			12.0			-			-
50			5			826.0			346.0			766.0			-206.0			13.0			11.0			-			-
50			6			772.0			-93.0			806.0			356.0			13.0			7.0			-			-
50			7			862.0			-549.0			787.0			308.0			12.0			12.0			-			-
50			8			826.0			341.0			752.0			-494.0			13.0			6.0			-			-
50			9			815.0			291.0			789.0			-306.0			12.0			11.0			-			-
50			10			854.0			-192.0			845.0			433.0			14.0			6.0			-			-
51			1			961.0			-206.0			839.0			-226.0			18.0			16.0			-			-
51			2			924.0			247.0			844.0			86.0			19.0			18.0			-			-
51			3			894.0			141.0			841.0			175.0			18.0			16.0			-			-
51			4			1025.0			-580.0			876.0			128.0			18.0			17.0			-			-
51			5			851.0			154.0			912.0			200.0			21.0			16.0			-			-
51			6			862.0			-709.0			893.0			108.0			20.0			11.0			-			-
51			7			1039.0			-64.0			854.0			-15.0			18.0			10.0			-			-
51			8			903.0			32.0			858.0			81.0			19.0			12.0			-			-
51			9			973.0			125.0			853.0			158.0			18.0			11.0			-			-
51			10			898.0			205.0			925.0			-621.0			20.0			18.0			-			-
52			1			967.0			127.0			937.0			-47.0			18.0			13.0			-			-
52			2			1000.0			2.0			896.0			51.0			18.0			12.0			-			-
52			3			905.0			92.0			837.0			134.0			19.0			11.0			-			-
52			4			841.0			-628.0			819.0			254.0			18.0			18.0			-			-
52			5			885.0			116.0			876.0			-13.0			19.0			10.0			-			-
52			6			1009.0			-43.0			848.0			-47.0			18.0			16.0			-			-
52			7			977.0			-231.0			864.0			1018.0			23.0			11.0			-			-
52			8			853.0			-184.0			797.0			-125.0			18.0			14.0			-			-
52			9			863.0			-70.0			829.0			-23.0			18.0			13.0			-			-
52			10			822.0			28.0			823.0			-828.0			18.0			17.0			-			-
53			1			1414.0			397.0			1339.0			-331.0			91.0			46.0			-			-
53			2			1489.0			254.0			1379.0			194.0			83.0			47.0			-			-
53			3			1433.0			75.0			1299.0			-46.0			85.0			51.0			-			-
53			4			1462.0			-21.0			1419.0			-73.0			84.0			50.0			-			-
53			5			1395.0			-16.0			1374.0			46.0			85.0			46.0			-			-
53			6			1355.0			99.0			1370.0			-877.0			89.0			50.0			-			-
53			7			1567.0			272.0			1441.0			199.0			89.0			45.0			-			-
53			8			1420.0			372.0			1383.0			-978.0			86.0			47.0			-			-
53			9			1562.0			84.0			1423.0			-49.0			89.0			52.0			-			-
53			10			1473.0			-48.0			1370.0			-25.0			89.0			52.0			-			-
54			1			2232.0			327.0			2026.0			335.0			177.0			98.0			-			-
54			2			2057.0			-796.0			1944.0			448.0			178.0			103.0			-			-
54			3			1971.0			362.0			1911.0			-914.0			175.0			103.0			-			-
54			4			2041.0			392.0			2008.0			347.0			176.0			102.0			-			-
54			5			2010.0			-999.0			1902.0			354.0			173.0			102.0			-			-
54			6			2000.0			367.0			1982.0			-871.0			174.0			102.0			-			-
54			7			2115.0			378.0			1975.0			368.0			180.0			101.0			-			-
54			8			1942.0			-846.0			2007.0			194.0			179.0			101.0			-			-
54			9			2268.0			461.0			2078.0			-854.0			178.0			100.0			-			-
54			10			2120.0			301.0			2078.0			449.0			183.0			99.0			-			-
55			1			853.0			-191.0			832.0			-173.0			93.0			57.0			-			-
55			2			926.0			-176.0			850.0			-180.0			97.0			57.0			-			-
55			3			901.0			-182.0			873.0			-187.0			97.0			55.0			-			-
55			4			933.0			-126.0			839.0			-76.0			94.0			50.0			-			-
55			5			944.0			-22.0			829.0			24.0			102.0			52.0			-			-
55			6			893.0			76.0			854.0			124.0			95.0			54.0			-			-
55			7			865.0			163.0			815.0			190.0			107.0			-770.0			-			-
55			8			1052.0			272.0			861.0			302.0			94.0			51.0			-			-
55			9			875.0			-609.0			854.0			127.0			96.0			55.0			-			-
55			10			979.0			130.0			865.0			172.0			94.0			51.0			-			-
56			1			986.0			183.0			1008.0			176.0			28.0			20.0			-			-
56			2			978.0			-1009.0			969.0			42.0			29.0			27.0			-			-
56			3			1093.0			1217.0			946.0			-141.0			28.0			27.0			-			-
56			4			940.0			-143.0			1105.0			-74.0			29.0			16.0			-			-
56			5			1068.0			-9.0			959.0			30.0			32.0			14.0			-			-
56			6			1005.0			-976.0			993.0			196.0			31.0			19.0			-			-
56			7			1050.0			237.0			978.0			277.0			33.0			17.0			-			-
56			8			994.0			-532.0			960.0			396.0			30.0			15.0			-			-
56			9			987.0			-305.0			985.0			369.0			30.0			19.0			-			-
56			10			990.0			-673.0			993.0			178.0			29.0			19.0			-			-
57			1			1140.0			148.0			1061.0			-535.0			65.0			34.0			-			-
57			2			1184.0			447.0			1129.0			-313.0			64.0			38.0			-			-
57			3			1085.0			-167.0			1064.0			-43.0			63.0			38.0			-			-
57			4			1129.0			556.0			1028.0			-616.0			63.0			35.0			-			-
57			5			1217.0			144.0			1039.0			178.0			64.0			43.0			-			-
57			6			1071.0			237.0			1021.0			-703.0			64.0			37.0			-			-
57			7			1089.0			377.0			1088.0			-445.0			79.0			41.0			-			-
57			8			1105.0			494.0			1057.0			-227.0			67.0			36.0			-			-
57			9			1100.0			-90.0			1027.0			24.0			63.0			36.0			-			-
57			10			1042.0			26.0			1066.0			-503.0			67.0			42.0			-			-
58			1			1197.0			297.0			1091.0			342.0			21.0			19.0			-			-
58			2			1061.0			-539.0			1167.0			475.0			23.0			16.0			-			-
58			3			1212.0			-291.0			1208.0			-145.0			23.0			17.0			-			-
58			4			1147.0			503.0			1110.0			-679.0			20.0			20.0			-			-
58			5			1149.0			329.0			1201.0			125.0			21.0			12.0			-			-
58			6			1137.0			138.0			1055.0			-8.0			23.0			13.0			-			-
58			7			1057.0			-9.0			1048.0			-19.0			21.0			18.0			-			-
58			8			1070.0			-10.0			1019.0			44.0			20.0			16.0			-			-
58			9			1111.0			107.0			1069.0			164.0			21.0			15.0			-			-
58			10			1042.0			-864.0			1033.0			328.0			21.0			19.0			-			-
59			1			1222.0			-382.0			1159.0			636.0			50.0			-835.0			-			-
59			2			1313.0			724.0			1191.0			-726.0			41.0			27.0			-			-
59			3			1292.0			81.0			1184.0			45.0			41.0			27.0			-			-
59			4			1228.0			36.0			1184.0			592.0			42.0			22.0			-			-
59			5			1219.0			-842.0			1167.0			286.0			41.0			27.0			-			-
59			6			1296.0			178.0			1197.0			172.0			41.0			26.0			-			-
59			7			1227.0			237.0			1179.0			-897.0			47.0			22.0			-			-
59			8			1238.0			417.0			1180.0			-581.0			41.0			29.0			-			-
59			9			1421.0			562.0			1223.0			-309.0			43.0			25.0			-			-
59			10			1242.0			-138.0			1244.0			2.0			41.0			28.0			-			-
60			1			1281.0			-102.0			1215.0			567.0			69.0			45.0			-			-
60			2			1211.0			-839.0			1200.0			220.0			68.0			38.0			-			-
60			3			1265.0			267.0			1177.0			323.0			69.0			46.0			-			-
60			4			1239.0			-722.0			1175.0			486.0			72.0			40.0			-			-
60			5			1209.0			-437.0			1212.0			-245.0			70.0			42.0			-			-
60			6			1269.0			-96.0			1203.0			39.0			67.0			42.0			-			-
60			7			1232.0			177.0			1194.0			10.0			69.0			43.0			-			-
60			8			1227.0			-13.0			1193.0			560.0			71.0			46.0			-			-
60			9			1182.0			-841.0			1191.0			379.0			68.0			48.0			-			-
60			10			1225.0			318.0			1166.0			313.0			68.0			41.0			-			-
61			1			1474.0			-915.0			1417.0			316.0			19.0			13.0			-			-
61			2			1476.0			450.0			1392.0			-747.0			19.0			11.0			-			-
61			3			1483.0			641.0			1389.0			-415.0			19.0			10.0			-			-
61			4			1425.0			-203.0			1405.0			-31.0			18.0			10.0			-			-
61			5			1447.0			-244.0			1507.0			634.0			19.0			11.0			-			-
61			6			1543.0			-386.0			1499.0			-196.0			18.0			18.0			-			-
61			7			1652.0			-7.0			1574.0			-36.0			20.0			19.0			-			-
61			8			1570.0			-179.0			1486.0			-72.0			20.0			9.0			-			-
61			9			1545.0			-87.0			1401.0			717.0			19.0			10.0			-			-
61			10			1484.0			-238.0			1490.0			-267.0			20.0			11.0			-			-
62			1			1711.0			763.0			1589.0			-746.0			109.0			62.0			-			-
62			2			1668.0			651.0			1477.0			-747.0			101.0			61.0			-			-
62			3			1620.0			673.0			1468.0			-801.0			98.0			64.0			-			-
62			4			1575.0			624.0			1488.0			-494.0			101.0			55.0			-			-
62			5			1530.0			-394.0			1478.0			-99.0			100.0			55.0			-			-
62			6			1549.0			-102.0			1456.0			608.0			99.0			64.0			-			-
62			7			1537.0			-681.0			1477.0			659.0			100.0			67.0			-			-
62			8			1536.0			-732.0			1470.0			679.0			99.0			58.0			-			-
62			9			1468.0			-399.0			1464.0			-195.0			99.0			58.0			-			-
62			10			1510.0			-8.0			1483.0			-27.0			100.0			61.0			-			-
63			1			2891.0			-73.0			2701.0			-68.0			299.0			163.0			-			-
63			2			2887.0			-226.0			2703.0			-56.0			292.0			169.0			-			-
63			3			2862.0			-149.0			2697.0			46.0			291.0			167.0			-			-
63			4			2948.0			-134.0			2761.0			51.0			299.0			170.0			-			-
63			5			2863.0			-161.0			2724.0			13.0			292.0			172.0			-			-
63			6			2893.0			-176.0			2743.0			-1.0			294.0			172.0			-			-
63			7			2889.0			-175.0			2721.0			-1.0			293.0			172.0			-			-
63			8			2788.0			-14.0			2775.0			-245.0			290.0			171.0			-			-
63			9			2859.0			-1.0			2784.0			-137.0			290.0			169.0			-			-
63			10			2795.0			22.0			2725.0			31.0			292.0			166.0			-			-
64			1			1854.0			-373.0			1688.0			-162.0			129.0			82.0			-			-
64			2			1801.0			-159.0			1672.0			-171.0			129.0			71.0			-			-
64			3			1808.0			986.0			1671.0			-231.0			128.0			72.0			-			-
64			4			1746.0			-246.0			1683.0			-288.0			128.0			74.0			-			-
64			5			1907.0			-319.0			1739.0			923.0			130.0			76.0			-			-
64			6			1785.0			-368.0			1849.0			-391.0			138.0			78.0			-			-
64			7			1996.0			-398.0			1729.0			869.0			138.0			78.0			-			-
64			8			1800.0			-453.0			1743.0			-471.0			130.0			79.0			-			-
64			9			1876.0			860.0			1670.0			-497.0			131.0			80.0			-			-
64			10			1867.0			-476.0			1862.0			840.0			134.0			80.0			-			-
65			1			1634.0			-583.0			1599.0			749.0			15.0			13.0			-			-
65			2			1548.0			-596.0			1565.0			-610.0			13.0			13.0			-			-
65			3			1972.0			740.0			1742.0			-565.0			16.0			12.0			-			-
65			4			1737.0			839.0			1577.0			-608.0			14.0			13.0			-			-
65			5			1796.0			720.0			1637.0			-641.0			13.0			13.0			-			-
65			6			1844.0			-637.0			1657.0			720.0			14.0			13.0			-			-
65			7			1752.0			-651.0			1612.0			708.0			13.0			13.0			-			-
65			8			1669.0			-646.0			1584.0			720.0			13.0			13.0			-			-
65			9			1596.0			-468.0			1586.0			726.0			13.0			13.0			-			-
65			10			1579.0			-640.0			1532.0			-588.0			13.0			13.0			-			-
66			1			1686.0			651.0			1543.0			-652.0			80.0			41.0			-			-
66			2			1739.0			666.0			1570.0			-705.0			79.0			41.0			-			-
66			3			1680.0			657.0			1573.0			-699.0			74.0			40.0			-			-
66			4			1716.0			670.0			1584.0			-695.0			73.0			40.0			-			-
66			5			1690.0			652.0			1543.0			-680.0			73.0			40.0			-			-
66			6			1687.0			657.0			1564.0			-687.0			78.0			40.0			-			-
66			7			1731.0			664.0			1625.0			-695.0			98.0			40.0			-			-
66			8			2216.0			653.0			1808.0			-711.0			73.0			52.0			-			-
66			9			1657.0			710.0			1576.0			-415.0			73.0			52.0			-			-
66			10			1645.0			-610.0			1574.0			651.0			73.0			41.0			-			-
67			1			1864.0			-433.0			1781.0			919.0			293.0			-1482.0			-			-
67			2			1923.0			938.0			1810.0			-398.0			164.0			94.0			-			-
67			3			1821.0			-377.0			1876.0			958.0			180.0			94.0			-			-
67			4			1891.0			955.0			1767.0			-403.0			158.0			94.0			-			-
67			5			1866.0			-380.0			1787.0			959.0			158.0			94.0			-			-
67			6			1736.0			-400.0			1752.0			-410.0			162.0			95.0			-			-
67			7			1837.0			-411.0			1787.0			936.0			162.0			95.0			-			-
67			8			1760.0			-410.0			1743.0			-425.0			157.0			95.0			-			-
67			9			1884.0			-402.0			1723.0			939.0			160.0			95.0			-			-
67			10			1814.0			-432.0			1780.0			-424.0			159.0			95.0			-			-
68			1			1994.0			-594.0			1793.0			988.0			51.0			39.0			-			-
68			2			1823.0			-200.0			1828.0			-351.0			53.0			40.0			-			-
68			3			1952.0			-350.0			1826.0			981.0			51.0			40.0			-			-
68			4			1840.0			-310.0			1787.0			-80.0			51.0			40.0			-			-
68			5			1870.0			-319.0			1820.0			-358.0			52.0			40.0			-			-
68			6			1956.0			990.0			1804.0			-377.0			51.0			40.0			-			-
68			7			1876.0			-353.0			1837.0			-339.0			52.0			40.0			-			-
68			8			1941.0			1001.0			1816.0			-362.0			51.0			38.0			-			-
68			9			1875.0			-172.0			1832.0			-307.0			53.0			40.0			-			-
68			10			1944.0			-563.0			1794.0			992.0			51.0			40.0			-			-
69			1			2120.0			34.0			2094.0			-1063.0			83.0			54.0			-			-
69			2			2293.0			-21.0			2097.0			-30.0			83.0			54.0			-			-
69			3			2266.0			-14.0			2118.0			-8.0			82.0			54.0			-			-
69			4			2263.0			47.0			2116.0			10.0			83.0			54.0			-			-
69			5			2292.0			0.0			2136.0			-6.0			82.0			53.0			-			-
69			6			2246.0			59.0			2093.0			8.0			81.0			53.0			-			-
69			7			2269.0			-220.0			2064.0			52.0			82.0			49.0			-			-
69			8			2212.0			151.0			2130.0			11.0			82.0			53.0			-			-
69			9			2218.0			64.0			2064.0			2.0			82.0			53.0			-			-
69			10			2139.0			-6.0			2084.0			2.0			82.0			53.0			-			-
70			1			2217.0			40.0			2140.0			21.0			71.0			40.0			-			-
70			2			2172.0			28.0			2164.0			24.0			67.0			40.0			-			-
70			3			2182.0			20.0			2171.0			-189.0			67.0			38.0			-			-
70			4			2158.0			-985.0			2120.0			497.0			77.0			41.0			-			-
70			5			2197.0			479.0			2099.0			92.0			67.0			40.0			-			-
70			6			2166.0			19.0			2721.0			-1237.0			90.0			49.0			-			-
70			7			2420.0			318.0			2125.0			504.0			70.0			37.0			-			-
70			8			2308.0			219.0			2145.0			27.0			67.0			40.0			-			-
70			9			2140.0			19.0			2145.0			-179.0			73.0			40.0			-			-
70			10			2106.0			-1152.0			2112.0			59.0			68.0			40.0			-			-
71			1			2289.0			-89.0			2180.0			-84.0			42.0			26.0			-			-
71			2			2207.0			1244.0			2061.0			-1279.0			40.0			26.0			-			-
71			3			2321.0			1286.0			2016.0			-1291.0			44.0			23.0			-			-
71			4			2353.0			281.0			2076.0			466.0			47.0			29.0			-			-
71			5			2053.0			-819.0			2072.0			1225.0			45.0			27.0			-			-
71			6			2073.0			-116.0			2012.0			-116.0			42.0			25.0			-			-
71			7			2093.0			-246.0			2013.0			-103.0			53.0			25.0			-			-
71			8			2252.0			62.0			2255.0			266.0			41.0			26.0			-			-
71			9			2139.0			1271.0			2202.0			-96.0			48.0			25.0			-			-
71			10			2617.0			-22.0			2164.0			-92.0			43.0			27.0			-			-
72			1			2429.0			62.0			2120.0			-1123.0			16.0			23.0			-			-
72			2			2449.0			440.0			2142.0			-382.0			15.0			19.0			-			-
72			3			2288.0			-5.0			2121.0			318.0			18.0			14.0			-			-
72			4			2422.0			-79.0			2221.0			-232.0			15.0			10.0			-			-
72			5			2210.0			389.0			2077.0			16.0			15.0			17.0			-			-
72			6			2375.0			-621.0			2051.0			541.0			16.0			13.0			-			-
72			7			2232.0			-294.0			2150.0			-343.0			15.0			14.0			-			-
72			8			2282.0			-26.0			2133.0			360.0			15.0			10.0			-			-
72			9			2037.0			22.0			2043.0			788.0			19.0			18.0			-			-
72			10			2044.0			-723.0			2069.0			-20.0			17.0			21.0			-			-
73			1			2420.0			785.0			2365.0			-836.0			98.0			67.0			-			-
73			2			2572.0			333.0			2476.0			-353.0			100.0			79.0			-			-
73			3			2777.0			311.0			2458.0			212.0			110.0			65.0			-			-
73			4			2581.0			386.0			2324.0			-500.0			96.0			63.0			-			-
73			5			2443.0			-299.0			2287.0			-525.0			101.0			59.0			-			-
73			6			2542.0			58.0			2249.0			394.0			98.0			62.0			-			-
73			7			2380.0			0.0			2348.0			20.0			101.0			69.0			-			-
73			8			2449.0			619.0			2297.0			-1084.0			99.0			74.0			-			-
73			9			2395.0			492.0			2357.0			-355.0			100.0			60.0			-			-
73			10			2665.0			54.0			2588.0			-417.0			101.0			60.0			-			-
74			1			2805.0			39.0			2528.0			221.0			46.0			26.0			-			-
74			2			3108.0			-539.0			2828.0			738.0			52.0			26.0			-			-
74			3			2825.0			-799.0			2696.0			485.0			45.0			25.0			-			-
74			4			2861.0			658.0			2728.0			-627.0			46.0			46.0			-			-
74			5			2616.0			-157.0			2506.0			239.0			46.0			36.0			-			-
74			6			2579.0			-582.0			2512.0			468.0			46.0			33.0			-			-
74			7			2513.0			-288.0			2498.0			-78.0			46.0			29.0			-			-
74			8			2616.0			-320.0			2536.0			91.0			46.0			43.0			-			-
74			9			2628.0			-96.0			2538.0			890.0			45.0			25.0			-			-
74			10			2536.0			-721.0			2561.0			667.0			45.0			47.0			-			-
75			1			2487.0			-354.0			2473.0			-321.0			113.0			65.0			-			-
75			2			2640.0			107.0			2547.0			-374.0			117.0			65.0			-			-
75			3			2607.0			175.0			2495.0			17.0			114.0			73.0			-			-
75			4			2504.0			-558.0			2479.0			305.0			115.0			75.0			-			-
75			5			2610.0			-173.0			2554.0			174.0			116.0			75.0			-			-
75			6			2520.0			-299.0			2541.0			228.0			130.0			-589.0			-			-
75			7			2623.0			329.0			2520.0			120.0			123.0			76.0			-			-
75			8			2640.0			69.0			2556.0			78.0			116.0			70.0			-			-
75			9			2678.0			-468.0			2600.0			581.0			121.0			81.0			-			-
75			10			2763.0			-755.0			2512.0			526.0			120.0			81.0			-			-
76			1			2916.0			-496.0			3089.0			-150.0			137.0			91.0			-			-
76			2			3227.0			-144.0			2907.0			955.0			151.0			-1233.0			-			-
76			3			3087.0			941.0			2939.0			-229.0			142.0			93.0			-			-
76			4			3139.0			-780.0			3076.0			740.0			140.0			86.0			-			-
76			5			2949.0			48.0			3103.0			-306.0			143.0			73.0			-			-
76			6			2971.0			-114.0			2904.0			21.0			127.0			87.0			-			-
76			7			2907.0			233.0			2858.0			-551.0			126.0			77.0			-			-
76			8			2961.0			-110.0			3012.0			340.0			142.0			73.0			-			-
76			9			3085.0			-230.0			3065.0			-120.0			140.0			78.0			-			-
76			10			3259.0			-145.0			2824.0			74.0			130.0			73.0			-			-
77			1			2860.0			-194.0			2765.0			-60.0			195.0			129.0			-			-
77			2			2871.0			332.0			2714.0			-150.0			197.0			113.0			-			-
77			3			2681.0			-158.0			2738.0			429.0			323.0			-1176.0			-			-
77			4			2978.0			1083.0			2751.0			-479.0			197.0			132.0			-			-
77			5			2885.0			-506.0			2779.0			-183.0			210.0			111.0			-			-
77			6			3120.0			236.0			3075.0			-260.0			204.0			117.0			-			-
77			7			2910.0			-251.0			2683.0			134.0			201.0			129.0			-			-
77			8			3076.0			-165.0			2675.0			929.0			193.0			126.0			-			-
77			9			2800.0			-492.0			2904.0			-835.0			197.0			116.0			-			-
77			10			2967.0			936.0			2733.0			-547.0			197.0			128.0			-			-
78			1			3131.0			79.0			3550.0			-484.0			118.0			57.0			-			-
78			2			3396.0			834.0			3256.0			-27.0			113.0			51.0			-			-
78			3			3245.0			-127.0			3374.0			-980.0			111.0			64.0			-			-
78			4			3495.0			698.0			3260.0			-597.0			103.0			62.0			-			-
78			5			3199.0			-253.0			3233.0			332.0			104.0			65.0			-			-
78			6			3379.0			-257.0			3108.0			-268.0			98.0			60.0			-			-
78			7			3536.0			17.0			3340.0			-155.0			94.0			56.0			-			-
78			8			3433.0			91.0			3345.0			679.0			123.0			-811.0			-			-
78			9			3540.0			454.0			3105.0			-152.0			99.0			54.0			-			-
78			10			3214.0			-257.0			3047.0			48.0			95.0			68.0			-			-
79			1			3235.0			703.0			3110.0			-675.0			21.0			16.0			-			-
79			2			3296.0			158.0			3403.0			-308.0			21.0			21.0			-			-
79			3			3317.0			-135.0			3111.0			-13.0			21.0			18.0			-			-
79			4			3070.0			35.0			3048.0			147.0			21.0			21.0			-			-
79			5			3197.0			-169.0			3100.0			388.0			21.0			16.0			-			-
79			6			3056.0			-447.0			3027.0			-92.0			21.0			20.0			-			-
79			7			3088.0			72.0			2974.0			401.0			21.0			17.0			-			-
79			8			3005.0			-202.0			3025.0			-221.0			24.0			14.0			-			-
79			9			3287.0			171.0			3056.0			-49.0			21.0			11.0			-			-
79			10			3324.0			-54.0			3376.0			705.0			25.0			25.0			-			-
80			1			3285.0			-950.0			3376.0			776.0			458.0			-752.0			-			-
80			2			3574.0			419.0			3291.0			541.0			608.0			-1247.0			-			-
80			3			3537.0			176.0			3289.0			137.0			424.0			235.0			-			-
80			4			3644.0			128.0			3519.0			-666.0			444.0			233.0			-			-
80			5			3528.0			46.0			3245.0			-158.0			424.0			223.0			-			-
80			6			3438.0			155.0			3453.0			285.0			488.0			-637.0			-			-
80			7			3544.0			862.0			3464.0			-182.0			439.0			-983.0			-			-
80			8			3636.0			174.0			3328.0			328.0			425.0			228.0			-			-
80			9			3370.0			-249.0			3318.0			200.0			403.0			229.0			-			-
80			10			3359.0			-895.0			3496.0			367.0			427.0			225.0			-			-
81			1			4030.0			126.0			3543.0			-446.0			151.0			76.0			-			-
81			2			4011.0			247.0			3747.0			-788.0			135.0			71.0			-			-
81			3			4092.0			-103.0			3662.0			956.0			142.0			72.0			-			-
81			4			3540.0			-841.0			3506.0			443.0			140.0			80.0			-			-
81			5			3621.0			324.0			3446.0			-642.0			138.0			74.0			-			-
81			6			3654.0			-437.0			3451.0			920.0			139.0			74.0			-			-
81			7			3793.0			567.0			3771.0			-155.0			152.0			69.0			-			-
81			8			4024.0			-269.0			3735.0			-421.0			129.0			69.0			-			-
81			9			3969.0			529.0			3469.0			-252.0			129.0			70.0			-			-
81			10			3850.0			549.0			3558.0			-605.0			136.0			72.0			-			-
82			1			4181.0			-291.0			4122.0			59.0			51.0			31.0			-			-
82			2			4168.0			208.0			3987.0			-308.0			52.0			49.0			-			-
82			3			4172.0			554.0			4033.0			-668.0			51.0			43.0			-			-
82			4			4313.0			-86.0			3889.0			174.0			56.0			38.0			-			-
82			5			4071.0			8.0			3814.0			-353.0			59.0			30.0			-			-
82			6			4202.0			676.0			3959.0			-639.0			61.0			49.0			-			-
82			7			4265.0			892.0			3987.0			-595.0			52.0			35.0			-			-
82			8			4043.0			498.0			4134.0			-68.0			59.0			40.0			-			-
82			9			3891.0			-357.0			3699.0			-398.0			49.0			48.0			-			-
82			10			3879.0			-75.0			3816.0			-286.0			53.0			33.0			-			-
83			1			4161.0			217.0			4033.0			-30.0			72.0			40.0			-			-
83			2			3928.0			576.0			4131.0			-40.0			80.0			45.0			-			-
83			3			4088.0			-441.0			4144.0			-9.0			77.0			41.0			-			-
83			4			4595.0			-156.0			4340.0			155.0			71.0			51.0			-			-
83			5			4178.0			-347.0			4134.0			462.0			74.0			44.0			-			-
83			6			3909.0			-247.0			4081.0			30.0			79.0			41.0			-			-
83			7			4121.0			-153.0			4585.0			-17.0			76.0			40.0			-			-
83			8			3998.0			-134.0			3916.0			164.0			85.0			-593.0			-			-
83			9			3920.0			508.0			3651.0			44.0			69.0			43.0			-			-
83			10			3822.0			-415.0			3652.0			486.0			72.0			44.0			-			-
84			1			4149.0			523.0			3832.0			-638.0			93.0			55.0			-			-
84			2			4253.0			-175.0			4002.0			649.0			93.0			59.0			-			-
84			3			3945.0			376.0			3958.0			-29.0			95.0			56.0			-			-
84			4			4179.0			353.0			4273.0			-590.0			99.0			64.0			-			-
84			5			4158.0			385.0			4001.0			115.0			99.0			51.0			-			-
84			6			4149.0			8.0			4113.0			-696.0			94.0			61.0			-			-
84			7			4565.0			42.0			4032.0			892.0			95.0			70.0			-			-
84			8			3789.0			-1283.0			4024.0			789.0			125.0			-831.0			-			-
84			9			4522.0			71.0			3914.0			595.0			97.0			57.0			-			-
84			10			4385.0			-402.0			4413.0			67.0			99.0			58.0			-			-
85			1			4704.0			-272.0			4395.0			325.0			206.0			114.0			-			-
85			2			4984.0			-577.0			4592.0			347.0			206.0			124.0			-			-
85			3			4370.0			-319.0			4254.0			588.0			236.0			-911.0			-			-
85			4			4748.0			-22.0			4155.0			16.0			210.0			115.0			-			-
85			5			4668.0			748.0			4216.0			-225.0			249.0			-603.0			-			-
85			6			4509.0			831.0			4396.0			244.0			209.0			127.0			-			-
85			7			4284.0			-1410.0			4606.0			816.0			207.0			116.0			-			-
85			8			4591.0			208.0			4657.0			390.0			220.0			129.0			-			-
85			9			4461.0			232.0			4241.0			-405.0			219.0			117.0			-			-
85			10			4492.0			-183.0			4416.0			-356.0			219.0			115.0			-			-
86			1			4964.0			33.0			4701.0			651.0			95.0			70.0			-			-
86			2			4632.0			-87.0			4483.0			-208.0			111.0			-854.0			-			-
86			3			5223.0			443.0			4710.0			-311.0			94.0			59.0			-			-
86			4			5356.0			-91.0			5221.0			377.0			92.0			60.0			-			-
86			5			4447.0			-242.0			4270.0			185.0			90.0			51.0			-			-
86			6			4536.0			-378.0			4888.0			-45.0			101.0			58.0			-			-
86			7			4956.0			-3.0			4665.0			-106.0			94.0			74.0			-			-
86			8			4845.0			-80.0			4426.0			175.0			91.0			59.0			-			-
86			9			5043.0			-276.0			4985.0			397.0			101.0			57.0			-			-
86			10			4705.0			-576.0			4480.0			303.0			99.0			60.0			-			-
87			1			4799.0			308.0			5073.0			-411.0			566.0			320.0			-			-
87			2			4718.0			-220.0			4572.0			-265.0			576.0			316.0			-			-
87			3			4552.0			-499.0			4611.0			9.0			555.0			321.0			-			-
87			4			4865.0			-263.0			4802.0			235.0			613.0			-205.0			-			-
87			5			4697.0			654.0			4483.0			-662.0			555.0			326.0			-			-
87			6			4626.0			-606.0			4478.0			502.0			628.0			-375.0			-			-
87			7			4820.0			205.0			4418.0			740.0			591.0			-767.0			-			-
87			8			4874.0			592.0			4466.0			-523.0			567.0			317.0			-			-
87			9			4521.0			127.0			4571.0			-961.0			558.0			323.0			-			-
87			10			4675.0			-60.0			4477.0			75.0			571.0			315.0			-			-
88			1			5075.0			57.0			4859.0			-537.0			79.0			47.0			-			-
88			2			4679.0			-144.0			4549.0			164.0			82.0			42.0			-			-
88			3			4795.0			-199.0			4678.0			509.0			89.0			43.0			-			-
88			4			5159.0			-255.0			5268.0			-556.0			105.0			54.0			-			-
88			5			5314.0			-8.0			4896.0			85.0			95.0			50.0			-			-
88			6			4827.0			739.0			4864.0			-789.0			80.0			49.0			-			-
88			7			5303.0			-83.0			5489.0			950.0			80.0			42.0			-			-
88			8			5198.0			77.0			4611.0			265.0			95.0			-562.0			-			-
88			9			5030.0			352.0			4519.0			91.0			80.0			62.0			-			-
88			10			5077.0			-17.0			5165.0			-101.0			109.0			59.0			-			-
89			1			5206.0			283.0			5077.0			14.0			80.0			47.0			-			-
89			2			4943.0			682.0			4732.0			-27.0			80.0			52.0			-			-
89			3			4739.0			14.0			4763.0			-268.0			82.0			41.0			-			-
89			4			5013.0			-624.0			4764.0			328.0			74.0			49.0			-			-
89			5			4808.0			-390.0			4696.0			82.0			88.0			44.0			-			-
89			6			4776.0			535.0			5015.0			-148.0			82.0			44.0			-			-
89			7			4771.0			-407.0			5116.0			19.0			79.0			47.0			-			-
89			8			4674.0			233.0			4253.0			-117.0			75.0			40.0			-			-
89			9			4373.0			-389.0			4367.0			678.0			76.0			53.0			-			-
89			10			4308.0			-783.0			4497.0			251.0			75.0			45.0			-			-
90			1			5303.0			-16.0			5092.0			-54.0			583.0			-300.0			-			-
90			2			5127.0			540.0			4909.0			-24.0			546.0			283.0			-			-
90			3			4627.0			-947.0			4601.0			353.0			518.0			289.0			-			-
90			4			4516.0			-325.0			4852.0			-323.0			533.0			277.0			-			-
90			5			4864.0			-339.0			4657.0			635.0			580.0			-491.0			-			-
90			6			5066.0			1019.0			4781.0			-697.0			632.0			299.0			-			-
90			7			5292.0			-924.0			4956.0			495.0			542.0			279.0			-			-
90			8			5288.0			-642.0			4898.0			556.0			564.0			-435.0			-			-
90			9			4694.0			275.0			5056.0			-406.0			558.0			280.0			-			-
90			10			4860.0			738.0			4564.0			-808.0			512.0			299.0			-			-
91			1			5497.0			-264.0			5495.0			396.0			94.0			-681.0			-			-
91			2			5804.0			-23.0			5651.0			58.0			73.0			47.0			-			-
91			3			5640.0			-76.0			5156.0			436.0			88.0			-739.0			-			-
91			4			5416.0			840.0			5251.0			-369.0			81.0			52.0			-			-
91			5			5987.0			-184.0			5801.0			247.0			87.0			-524.0			-			-
91			6			6090.0			983.0			5835.0			65.0			74.0			47.0			-			-
91			7			5688.0			-956.0			5937.0			139.0			73.0			40.0			-			-
91			8			5616.0			215.0			5584.0			9.0			72.0			56.0			-			-
91			9			5244.0			-312.0			5277.0			-367.0			72.0			50.0			-			-
91			10			5403.0			-156.0			5861.0			192.0			71.0			48.0			-			-
92			1			5618.0			-187.0			5502.0			318.0			98.0			65.0			-			-
92			2			5820.0			206.0			5765.0			-27.0			95.0			53.0			-			-
92			3			6137.0			281.0			5359.0			-158.0			101.0			55.0			-			-
92			4			5797.0			765.0			5595.0			-244.0			110.0			73.0			-			-
92			5			5771.0			-249.0			5557.0			385.0			99.0			56.0			-			-
92			6			5109.0			-933.0			5454.0			-83.0			115.0			51.0			-			-
92			7			5705.0			217.0			5559.0			-20.0			103.0			62.0			-			-
92			8			5830.0			-38.0			5494.0			-137.0			101.0			50.0			-			-
92			9			5739.0			34.0			5590.0			293.0			94.0			50.0			-			-
92			10			5395.0			-709.0			5202.0			733.0			95.0			55.0			-			-
93			1			5297.0			80.0			5391.0			-536.0			78.0			44.0			-			-
93			2			5789.0			95.0			5842.0			-135.0			78.0			49.0			-			-
93			3			5452.0			191.0			5339.0			-220.0			80.0			42.0			-			-
93			4			5270.0			209.0			5375.0			-473.0			75.0			47.0			-			-
93			5			5466.0			-310.0			5157.0			-123.0			77.0			47.0			-			-
93			6			5385.0			134.0			5074.0			44.0			89.0			47.0			-			-
93			7			5637.0			320.0			5874.0			-522.0			79.0			42.0			-			-
93			8			5173.0			228.0			5130.0			-124.0			80.0			49.0			-			-
93			9			5274.0			67.0			5164.0			-174.0			74.0			51.0			-			-
93			10			5523.0			425.0			5504.0			-503.0			76.0			53.0			-			-
94			1			6591.0			-42.0			6470.0			343.0			73.0			31.0			-			-
94			2			6504.0			-105.0			6542.0			-185.0			58.0			40.0			-			-
94			3			6923.0			522.0			6443.0			-726.0			62.0			42.0			-			-
94			4			6953.0			417.0			7162.0			-46.0			59.0			42.0			-			-
94			5			6227.0			-593.0			6064.0			-264.0			58.0			41.0			-			-
94			6			6243.0			171.0			6324.0			-67.0			60.0			36.0			-			-
94			7			6773.0			-124.0			6759.0			18.0			63.0			46.0			-			-
94			8			7116.0			291.0			6943.0			-295.0			62.0			32.0			-			-
94			9			7021.0			125.0			6314.0			-114.0			62.0			39.0			-			-
94			10			6581.0			-294.0			6161.0			128.0			59.0			41.0			-			-
95			1			6223.0			208.0			6227.0			522.0			46.0			29.0			-			-
95			2			6619.0			71.0			6020.0			751.0			65.0			-767.0			-			-
95			3			6254.0			-35.0			5686.0			171.0			45.0			28.0			-			-
95			4			6083.0			-10.0			6064.0			221.0			44.0			35.0			-			-
95			5			6416.0			-279.0			6384.0			379.0			45.0			29.0			-			-
95			6			5974.0			205.0			5810.0			492.0			46.0			30.0			-			-
95			7			6320.0			-950.0			6581.0			648.0			54.0			35.0			-			-
95			8			6554.0			-361.0			6266.0			239.0			46.0			30.0			-			-
95			9			5778.0			164.0			5640.0			-306.0			46.0			27.0			-			-
95			10			6201.0			395.0			6171.0			-30.0			46.0			37.0			-			-
96			1			6612.0			-382.0			6750.0			-268.0			79.0			40.0			-			-
96			2			7853.0			179.0			8312.0			20.0			82.0			42.0			-			-
96			3			8368.0			-511.0			8041.0			59.0			104.0			49.0			-			-
96			4			8810.0			53.0			9418.0			9.0			75.0			42.0			-			-
96			5			7690.0			-302.0			8227.0			338.0			109.0			47.0			-			-
96			6			7833.0			-351.0			7196.0			503.0			75.0			42.0			-			-
96			7			7619.0			111.0			7997.0			-96.0			72.0			41.0			-			-
96			8			7181.0			-62.0			7370.0			-11.0			77.0			43.0			-			-
96			9			7366.0			624.0			7222.0			186.0			74.0			47.0			-			-
96			10			7751.0			-687.0			8044.0			-237.0			72.0			43.0			-			-
97			1			7141.0			330.0			6716.0			-297.0			214.0			114.0			-			-
97			2			7335.0			-69.0			8830.0			371.0			264.0			-665.0			-			-
97			3			6940.0			221.0			6223.0			486.0			198.0			121.0			-			-
97			4			7122.0			-261.0			6657.0			623.0			261.0			-582.0			-			-
97			5			7210.0			987.0			6173.0			-476.0			216.0			128.0			-			-
97			6			7408.0			-364.0			7316.0			228.0			253.0			118.0			-			-
97			7			7224.0			-525.0			6366.0			696.0			383.0			-951.0			-			-
97			8			6895.0			437.0			6835.0			271.0			218.0			117.0			-			-
97			9			6339.0			595.0			6361.0			-113.0			208.0			115.0			-			-
97			10			7368.0			-388.0			7659.0			57.0			204.0			116.0			-			-
98			1			7320.0			-136.0			7787.0			245.0			131.0			92.0			-			-
98			2			8850.0			555.0			8539.0			-575.0			142.0			77.0			-			-
98			3			6751.0			-686.0			6991.0			276.0			156.0			-447.0			-			-
98			4			8041.0			-19.0			8058.0			135.0			144.0			77.0			-			-
98			5			7545.0			-41.0			13022.0			197.0			307.0			79.0			-			-
98			6			8041.0			-110.0			7250.0			-174.0			139.0			76.0			-			-
98			7			7575.0			0.0			7170.0			-48.0			152.0			-337.0			-			-
98			8			7518.0			116.0			7520.0			102.0			153.0			74.0			-			-
98			9			6828.0			233.0			7331.0			183.0			149.0			73.0			-			-
98			10			7299.0			-528.0			6963.0			153.0			140.0			81.0			-			-
99			1			6759.0			-81.0			6148.0			161.0			17.0			12.0			-			-
99			2			6715.0			-561.0			6893.0			87.0			17.0			13.0			-			-
99			3			6884.0			-87.0			7193.0			-75.0			19.0			12.0			-			-
99			4			7032.0			8.0			6569.0			250.0			22.0			12.0			-			-
99			5			7111.0			368.0			7160.0			-181.0			16.0			8.0			-			-
99			6			6481.0			737.0			6875.0			-385.0			17.0			14.0			-			-
99			7			6423.0			73.0			6638.0			-424.0			17.0			9.0			-			-
99			8			6748.0			68.0			6280.0			262.0			18.0			16.0			-			-
99			9			6546.0			267.0			6405.0			-713.0			17.0			14.0			-			-
99			10			6765.0			-6.0			6364.0			293.0			16.0			11.0			-			-
100			1			7723.0			-217.0			7985.0			-380.0			49.0			29.0			-			-
100			2			7666.0			-33.0			7639.0			405.0			54.0			28.0			-			-
100			3			7985.0			-199.0			7661.0			227.0			53.0			37.0			-			-
100			4			7594.0			411.0			8024.0			-340.0			50.0			35.0			-			-
100			5			8153.0			274.0			8422.0			-97.0			59.0			28.0			-			-
100			6			7790.0			51.0			8200.0			-198.0			58.0			29.0			-			-
100			7			8337.0			-209.0			7769.0			232.0			52.0			30.0			-			-
100			8			8171.0			-8.0			8254.0			-276.0			58.0			29.0			-			-
100			9			8158.0			426.0			7709.0			-723.0			59.0			31.0			-			-
100			10			7570.0			189.0			8520.0			42.0			57.0			27.0			-			-
