# Generated at Sat Nov 26 18:29:46 BRST 2016
# LTL violation
1			1			34.0			3.0			-			-			3.0			1.0			1.0			1.0
2			1			18.0			5.0			-			-			4.0			1.0			3.0			1.0
3			1			17.0			6.0			-			-			3.0			1.0			3.0			1.0
4			1			29.0			-51.0			-			-			11.0			0.0			15.0			0.0
5			1			20.0			5.0			-			-			1.0			0.0			7.0			0.0
6			1			11.0			5.0			-			-			1.0			0.0			3.0			0.0
7			1			20.0			7.0			-			-			1.0			0.0			2.0			0.0
8			1			15.0			10.0			-			-			1.0			0.0			2.0			0.0
9			1			35.0			16.0			-			-			4.0			1.0			3.0			1.0
10			1			14.0			12.0			-			-			2.0			1.0			2.0			1.0
11			1			46.0			21.0			-			-			2.0			1.0			3.0			1.0
12			1			61.0			37.0			-			-			7.0			6.0			6.0			6.0
13			1			24.0			23.0			-			-			1.0			0.0			1.0			0.0
14			1			38.0			-101.0			-			-			3.0			3.0			3.0			3.0
15			1			37.0			36.0			-			-			3.0			2.0			2.0			2.0
16			1			47.0			44.0			-			-			6.0			7.0			13.0			-122.0
17			1			50.0			52.0			-			-			5.0			5.0			4.0			5.0
18			1			72.0			59.0			-			-			3.0			2.0			2.0			2.0
19			1			54.0			56.0			-			-			5.0			3.0			4.0			5.0
20			1			60.0			-204.0			-			-			4.0			5.0			3.0			5.0
21			1			53.0			59.0			-			-			2.0			2.0			2.0			2.0
22			1			118.0			104.0			-			-			33.0			31.0			30.0			31.0
23			1			125.0			123.0			-			-			17.0			17.0			17.0			17.0
24			1			74.0			88.0			-			-			4.0			7.0			4.0			7.0
25			1			74.0			77.0			-			-			1.0			3.0			3.0			3.0
26			1			114.0			109.0			-			-			7.0			10.0			7.0			10.0
27			1			90.0			-444.0			-			-			3.0			5.0			3.0			5.0
28			1			228.0			216.0			-			-			23.0			29.0			24.0			29.0
29			1			113.0			118.0			-			-			3.0			5.0			3.0			5.0
30			1			210.0			-307.0			-			-			27.0			35.0			27.0			35.0
31			1			155.0			162.0			-			-			2.0			7.0			3.0			7.0
32			1			213.0			211.0			-			-			14.0			14.0			13.0			14.0
33			1			410.0			376.0			-			-			80.0			-963.0			75.0			91.0
34			1			193.0			211.0			-			-			17.0			21.0			18.0			21.0
35			1			173.0			190.0			-			-			10.0			14.0			10.0			14.0
36			1			212.0			239.0			-			-			3.0			7.0			2.0			7.0
37			1			348.0			-698.0			-			-			57.0			73.0			56.0			73.0
38			1			265.0			282.0			-			-			9.0			13.0			10.0			13.0
39			1			366.0			-631.0			-			-			59.0			76.0			59.0			76.0
40			1			260.0			288.0			-			-			26.0			32.0			26.0			32.0
41			1			277.0			300.0			-			-			9.0			12.0			10.0			12.0
42			1			402.0			-533.0			-			-			27.0			36.0			28.0			36.0
43			1			305.0			341.0			-			-			6.0			12.0			8.0			12.0
44			1			442.0			-433.0			-			-			26.0			29.0			24.0			29.0
45			1			360.0			-487.0			-			-			27.0			38.0			28.0			38.0
46			1			395.0			399.0			-			-			26.0			33.0			27.0			33.0
47			1			339.0			-451.0			-			-			21.0			26.0			20.0			26.0
48			1			500.0			482.0			-			-			15.0			21.0			16.0			21.0
49			1			729.0			-29.0			-			-			51.0			60.0			58.0			-693.0
50			1			522.0			569.0			-			-			11.0			14.0			11.0			14.0
51			1			577.0			-97.0			-			-			35.0			46.0			49.0			46.0
52			1			1038.0			-256.0			-			-			160.0			221.0			162.0			221.0
53			1			578.0			-281.0			-			-			10.0			12.0			11.0			12.0
54			1			814.0			-469.0			-			-			52.0			72.0			53.0			72.0
55			1			599.0			712.0			-			-			5.0			9.0			5.0			9.0
56			1			630.0			-641.0			-			-			24.0			36.0			24.0			36.0
57			1			713.0			829.0			-			-			60.0			-1282.0			45.0			63.0
58			1			721.0			844.0			-			-			70.0			90.0			69.0			90.0
59			1			687.0			-628.0			-			-			30.0			45.0			31.0			45.0
60			1			715.0			-547.0			-			-			15.0			25.0			15.0			25.0
61			1			811.0			856.0			-			-			8.0			17.0			8.0			17.0
62			1			973.0			-184.0			-			-			40.0			57.0			40.0			57.0
63			1			855.0			-218.0			-			-			46.0			62.0			45.0			62.0
64			1			1034.0			65.0			-			-			48.0			67.0			46.0			67.0
65			1			1542.0			630.0			-			-			90.0			122.0			87.0			122.0
66			1			1986.0			84.0			-			-			152.0			194.0			183.0			-977.0
67			1			1664.0			470.0			-			-			272.0			373.0			297.0			-879.0
68			1			1177.0			-19.0			-			-			28.0			43.0			29.0			43.0
69			1			1590.0			381.0			-			-			122.0			166.0			127.0			166.0
70			1			1568.0			-859.0			-			-			93.0			131.0			99.0			131.0
71			1			1428.0			137.0			-			-			35.0			52.0			34.0			52.0
72			1			2827.0			316.0			-			-			1024.0			109.0			1074.0			9.0
73			1			1570.0			-780.0			-			-			80.0			111.0			79.0			111.0
74			1			1585.0			477.0			-			-			84.0			-1116.0			74.0			107.0
75			1			1526.0			380.0			-			-			24.0			37.0			23.0			37.0
76			1			2772.0			510.0			-			-			257.0			-901.0			239.0			339.0
77			1			2177.0			-178.0			-			-			211.0			291.0			205.0			291.0
78			1			3136.0			-350.0			-			-			194.0			282.0			200.0			282.0
79			1			3681.0			-1102.0			-			-			238.0			352.0			251.0			352.0
80			1			1778.0			-489.0			-			-			86.0			113.0			84.0			113.0
81			1			2071.0			-126.0			-			-			21.0			38.0			21.0			38.0
82			1			1829.0			-443.0			-			-			118.0			154.0			110.0			154.0
83			1			1890.0			-380.0			-			-			8.0			12.0			8.0			12.0
84			1			2284.0			-18.0			-			-			31.0			52.0			32.0			52.0
85			1			3695.0			12.0			-			-			330.0			459.0			322.0			459.0
86			1			2073.0			-172.0			-			-			84.0			129.0			84.0			129.0
87			1			4076.0			589.0			-			-			646.0			-404.0			588.0			829.0
88			1			2822.0			-574.0			-			-			35.0			49.0			35.0			49.0
89			1			5068.0			23.0			-			-			318.0			484.0			353.0			-765.0
90			1			2578.0			372.0			-			-			34.0			50.0			30.0			50.0
91			1			3858.0			372.0			-			-			199.0			-981.0			162.0			237.0
92			1			4953.0			222.0			-			-			424.0			611.0			517.0			-812.0
93			1			3030.0			-286.0			-			-			89.0			138.0			91.0			138.0
94			1			3241.0			-138.0			-			-			60.0			88.0			60.0			88.0
95			1			3359.0			7.0			-			-			154.0			206.0			146.0			206.0
96			1			5270.0			-726.0			-			-			1924.0			-134.0			1721.0			211.0
97			1			3558.0			367.0			-			-			343.0			-518.0			332.0			487.0
98			1			3510.0			6.0			-			-			135.0			-843.0			127.0			182.0
99			1			7307.0			-135.0			-			-			1190.0			550.0			1525.0			-485.0
100			1			3817.0			273.0			-			-			112.0			165.0			114.0			165.0
